1533985819	400	27.90	30.20
1533986120	400	29.30	29.10
1533986420	400	27.40	32.20
1533986720	399	26.90	33.00
1533987021	412	26.10	35.30
1533987321	410	25.00	37.00
1533987621	410	25.60	35.10
1533987922	409	25.90	35.40
1533988222	411	27.10	33.00
1533988522	409	27.40	33.60
1533988823	411	27.40	34.30
1533989123	411	28.90	33.10
1533989423	411	26.60	34.30
1533989724	411	26.60	32.30
1533990024	411	25.30	35.50
1533990324	411	24.60	37.00
1533990625	412	24.80	36.60
1533990925	412	23.80	38.30
1533991225	412	24.00	35.50
1533991526	412	26.40	33.00
1533991826	413	24.90	35.20
1533992126	417	24.00	37.50
1533992427	412	25.70	34.30
1533992727	414	25.90	35.70
1533993027	413	24.80	37.00
1533993328	414	24.00	36.00
1533993628	414	23.80	36.70
1533993928	414	23.80	36.90
1533994229	414	23.60	38.30
1533994529	414	23.40	41.30
1533994829	415	22.30	40.50
1533995130	414	22.20	39.40
1533995430	414	22.30	39.30
1533995731	415	23.00	37.80
1533996031	415	22.20	39.40
1533996331	416	22.00	38.90
1533996632	421	21.20	42.70
1533996932	422	20.80	41.70
1533997232	422	21.80	38.90
1533997533	423	21.50	38.10
1533997833	423	22.40	35.80
1533998133	423	23.70	32.20
1533998433	423	24.90	30.70
1533998734	422	25.30	29.60
1533999034	420	26.10	28.50
1533999334	421	26.10	28.50
1533999635	420	26.40	27.50
1533999935	416	26.90	27.60
1534000235	417	26.70	26.90
1534000536	416	27.30	26.60
1534000836	417	27.90	26.50
1534001137	416	27.30	26.10
1534001437	416	27.30	25.90
1534001737	416	27.70	25.60
1534002038	415	28.10	25.40
1534002338	415	28.80	25.40
1534002638	421	28.20	25.70
1534002939	415	28.30	25.60
1534003239	415	29.10	25.40
1534003539	415	29.00	25.60
1534003840	415	29.50	25.60
1534004140	415	29.00	25.30
1534004440	414	29.20	24.90
1534004741	414	29.30	24.80
1534005041	415	29.30	24.80
1534005341	414	29.70	24.60
1534005642	414	29.40	24.50
1534005942	414	29.50	24.40
1534006242	414	29.20	24.20
1534006543	414	29.40	24.20
1534006843	414	29.40	24.10
1534007143	414	29.40	23.90
1534007444	414	29.90	24.00
1534007744	414	30.00	23.80
1534008044	414	29.60	23.70
1534008345	414	29.70	23.60
1534008645	414	29.80	23.50
1534008945	412	29.70	23.50
1534009246	414	30.70	23.40
1534009546	414	29.90	23.30
1534009846	413	30.20	23.30
1534010147	414	30.10	23.10
1534010447	414	30.80	23.10
1534010747	414	31.50	23.00
1534011048	414	31.80	22.90
1534011348	414	31.20	22.80
1534011648	414	31.50	22.80
1534011949	414	31.90	22.60
1534012249	414	32.00	22.60
1534012549	413	32.30	22.50
1534012850	413	32.90	22.40
1534013150	413	33.60	22.30
1534013450	414	33.20	22.20
1534013751	413	33.80	22.10
1534014051	413	33.80	22.00
1534014352	413	34.50	22.00
1534014652	413	34.50	21.90
1534014953	413	34.60	21.90
1534015253	413	35.40	21.80
1534015553	413	35.40	21.70
1534015854	413	36.00	21.80
1534016154	413	36.40	21.60
1534016454	413	36.30	21.50
1534016755	413	36.70	21.40
1534017055	413	36.80	21.40
1534017356	413	37.60	21.40
1534017656	413	37.50	21.30
1534017956	413	38.10	21.10
1534018257	413	38.10	21.10
1534018557	328	38.30	21.00
1534018857	332	38.60	21.10
1534019158	333	38.30	21.00
1534019458	334	38.10	20.90
1534019759	334	38.70	20.70
1534020059	334	38.70	20.70
1534020359	336	38.70	20.50
1534020660	337	39.70	20.50
1534020960	338	39.60	20.40
1534021260	339	39.40	20.40
1534021561	339	39.30	20.30
1534021861	339	39.70	20.20
1534022161	339	39.40	20.20
1534022462	340	39.20	20.20
1534022762	340	38.90	20.10
1534023062	340	38.80	20.00
1534023363	340	38.60	20.00
1534023663	341	39.50	19.90
1534023963	341	39.50	19.90
1534024264	341	39.80	19.90
1534024564	342	39.80	19.80
1534024864	342	40.10	19.70
1534025165	343	40.40	19.60
1534025465	343	40.80	19.50
1534025765	344	41.40	19.30
1534026066	344	41.00	19.30
1534026366	344	41.20	19.20
1534026666	343	41.60	19.10
1534026967	344	41.70	19.00
1534027268	345	42.00	18.80
1534027568	345	42.30	18.80
1534027869	346	42.20	18.80
1534028169	345	42.40	18.70
1534028469	346	42.40	18.70
1534028770	348	42.60	18.70
1534029070	346	42.90	18.60
1534029370	348	43.00	18.60
1534029671	348	43.40	18.40
1534029971	348	43.80	18.30
1534030271	348	44.20	18.20
1534030572	348	44.50	18.20
1534030872	349	45.10	18.10
1534031173	349	45.10	18.10
1534031473	354	44.80	18.00
1534031773	349	45.20	18.00
1534032074	350	46.10	18.00
1534032374	349	46.30	18.20
1534032674	350	44.90	18.20
1534032975	352	44.50	18.10
1534033275	351	44.60	18.10
1534033575	350	44.50	18.10
1534033876	350	44.60	18.00
1534034176	351	45.10	18.00
1534034476	352	46.10	17.90
1534034777	350	46.00	18.00
1534035077	352	45.90	18.00
1534035377	353	46.20	18.00
1534035678	352	46.10	17.90
1534035978	352	46.60	17.90
1534036278	352	46.70	17.70
1534036579	353	46.80	17.70
1534036879	352	46.90	17.60
1534037179	353	47.20	17.50
1534037480	353	46.50	17.40
1534037780	353	47.10	17.30
1534038080	353	48.50	17.30
1534038381	354	48.90	17.20
1534038681	353	48.50	17.10
1534038981	353	49.10	17.00
1534039282	354	49.20	16.90
1534039582	353	49.10	16.90
1534039882	354	48.80	16.80
1534040183	353	48.90	16.70
1534040483	354	49.10	16.70
1534040783	354	49.00	16.80
1534041084	354	49.00	16.80
1534041384	355	49.40	16.70
1534041684	350	49.50	16.60
1534041985	354	49.40	16.60
1534042285	354	49.40	16.60
1534042585	354	49.70	16.50
1534042886	355	49.70	16.40
1534043186	355	49.70	16.40
1534043486	355	49.40	16.40
1534043787	355	49.40	16.40
1534044087	355	49.60	16.30
1534044387	355	49.50	16.30
1534044688	354	49.40	16.30
1534044988	356	49.80	16.30
1534045288	355	49.80	16.20
1534045589	355	50.00	16.20
1534045889	356	50.20	16.20
1534046189	355	50.00	16.10
1534046490	356	49.90	16.10
1534046790	356	50.10	16.10
1534047090	356	50.00	16.10
1534047391	355	50.20	16.10
1534047691	356	50.20	16.10
1534047991	356	50.30	16.00
1534048292	355	50.00	15.90
1534048592	356	49.80	15.90
1534048893	356	50.10	15.90
1534049193	356	50.10	15.90
1534049493	356	50.20	15.90
1534049794	357	49.90	15.90
1534050094	356	49.70	16.00
1534050394	356	49.90	16.00
1534050695	354	49.60	16.10
1534050995	356	49.40	16.10
1534051295	357	49.20	16.20
1534051596	356	49.10	16.20
1534051896	357	48.90	16.30
1534052196	357	48.90	16.30
1534052497	356	49.20	16.50
1534052797	356	49.40	16.60
1534053097	357	49.50	16.70
1534053398	357	49.60	16.80
1534053698	357	48.50	16.90
1534053998	352	48.00	17.00
1534054299	358	47.40	17.10
1534054599	357	48.00	17.20
1534054899	357	47.80	17.20
1534055200	357	48.10	17.30
1534055500	357	48.20	17.30
1534055800	357	48.20	17.40
1534056101	358	48.30	17.50
1534056401	358	48.20	17.50
1534056701	358	47.90	17.60
1534057002	358	47.80	17.80
1534057302	358	47.50	18.00
1534057602	358	46.80	18.20
1534057903	358	46.60	18.30
1534058203	361	46.30	18.60
1534058503	360	46.30	18.80
1534059479	373	39.70	23.60
1534059779	373	40.40	22.70
1534060080	373	42.40	21.30
1534060380	373	43.80	20.90
1534060680	374	44.40	20.80
1534060981	374	44.70	20.80
1534061281	374	44.30	21.00
1534061581	374	43.80	21.10
1534061882	374	44.90	21.40
1534062182	375	44.50	21.60
1534062482	375	43.90	22.00
1534062783	375	43.10	22.10
1534063083	375	42.80	22.40
1534063298	370	33.20	25.00
1534063598	377	34.00	24.60
1534063899	366	36.00	23.10
1534064199	340	37.20	23.20
1534064499	337	35.40	23.20
1534064800	344	35.10	23.40
1534065100	348	35.20	23.60
1534065400	342	35.30	23.70
1534065701	342	34.50	24.10
1534066001	349	34.40	24.40
1534066301	340	33.50	24.60
1534066602	346	33.10	25.10
1534066902	340	32.40	25.80
1534067202	341	31.20	27.70
1534067503	349	26.30	33.00
1534067803	346	24.90	34.70
1534068103	343	23.40	35.40
1534068404	344	22.90	36.00
1534068704	350	23.50	35.40
1534069005	352	23.00	36.40
1534069305	350	22.60	37.00
1534069605	351	22.70	36.10
1534069906	348	22.60	36.80
1534070206	352	22.70	36.90
1534070506	353	23.10	34.70
1534070807	349	23.00	34.00
1534071107	350	23.60	35.60
1534071407	354	22.50	37.60
1534071708	353	21.60	39.30
1534072008	356	22.10	39.40
1534072308	356	21.50	39.60
1534072609	354	21.10	40.60
1534072909	361	20.50	41.40
1534073209	360	20.40	41.30
1534073510	355	21.00	41.10
1534073810	363	20.20	41.60
1534074110	364	19.90	41.50
1534074411	362	22.40	41.70
1534074711	364	20.10	42.60
1534075011	361	20.10	42.30
1534075312	366	19.90	42.70
1534075612	363	19.90	42.20
1534075913	365	21.10	42.90
1534076213	372	19.70	42.50
1534076513	368	19.20	42.30
1534076814	368	19.40	42.10
1534077114	376	19.50	42.50
1534077414	376	19.50	42.70
1534077715	372	19.60	42.40
1534078015	375	18.80	43.40
1534078315	380	18.60	42.70
1534078616	374	18.80	43.30
1534078916	375	18.70	43.00
1534079216	382	18.80	42.90
1534079517	376	19.50	43.00
1534079817	382	22.40	43.50
1534080122	385	19.20	43.40
1534080422	382	19.40	43.10
1534080723	380	21.00	43.10
1534081023	378	19.10	43.00
1534081323	379	19.40	43.20
1534081624	380	19.40	42.10
1534081924	379	19.30	41.60
1534082224	386	19.40	42.00
1534082525	384	20.70	41.60
1534082825	382	19.10	41.10
1534083125	384	21.90	41.70
1534083426	384	19.70	41.10
1534083726	382	21.50	38.80
1534084026	384	22.40	37.30
1534084327	388	23.20	35.60
1534084627	385	23.10	34.80
1534084927	384	24.10	33.60
1534085228	382	24.50	33.30
1534085528	381	26.30	32.40
1534085828	381	26.10	32.00
1534086129	382	25.50	31.90
1534086429	382	26.40	31.40
1534086729	382	26.50	31.30
1534087030	382	27.10	30.60
1534087330	382	28.10	30.50
1534087630	382	27.00	30.30
1534087931	382	27.00	29.80
1534088231	379	28.90	30.00
1534088532	385	28.30	29.50
1534088832	382	28.10	29.30
1534089132	382	28.30	29.20
1534089433	387	29.10	29.20
1534089733	381	30.20	28.70
1534090033	387	28.80	29.10
1534090334	381	30.00	28.80
1534090634	380	28.50	28.60
1534090934	384	29.10	28.60
1534091235	386	28.80	28.60
1534091535	386	30.00	28.50
1534091835	387	30.00	28.30
1534092136	385	29.40	28.20
1534092436	381	29.70	28.20
1534092736	386	30.60	27.90
1534093037	387	30.20	27.80
1534093338	382	29.90	27.90
1534093638	386	30.30	27.90
1534093939	386	30.50	27.70
1534094239	384	31.10	27.60
1534094540	384	30.70	27.50
1534094840	382	31.20	27.30
1534095140	382	32.20	27.20
1534095441	381	33.60	27.10
1534095741	382	31.70	27.20
1534096041	381	31.50	27.10
1534096342	387	33.40	27.00
1534096642	386	32.40	26.90
1534096942	384	33.50	26.80
1534097243	381	34.90	26.70
1534097543	388	34.80	26.60
1534097843	387	33.20	26.30
1534098144	388	34.90	26.40
1534098444	385	33.90	26.30
1534098744	382	35.90	26.20
1534099045	381	36.50	26.00
1534099345	385	36.00	26.00
1534099645	384	35.50	25.50
1534099946	384	35.20	25.90
1534100246	382	34.80	25.60
1534100546	386	36.20	25.70
1534100847	384	37.30	25.60
1534101147	382	35.50	25.40
1534101447	382	38.10	25.40
1534101748	388	37.70	25.40
1534102048	384	36.40	25.40
1534102348	386	36.70	25.10
1534102649	382	37.00	25.00
1534102949	384	38.60	25.10
1534103249	384	38.10	25.10
1534103550	384	39.20	24.90
1534103850	386	36.70	24.80
1534104150	385	37.70	25.00
1534104451	382	38.00	24.60
1534104751	388	39.90	24.60
1534105051	382	38.30	24.70
1534105352	382	37.50	24.60
1534105652	387	37.80	24.50
1534105953	386	37.30	24.40
1534106254	382	37.80	24.10
1534106554	385	40.40	24.40
1534106854	387	38.80	24.30
1534107155	387	38.10	24.40
1534107455	386	41.60	24.30
1534107755	386	39.00	24.40
1534108056	388	37.80	24.10
1534108356	384	38.20	23.90
1534108658	384	38.00	23.60
1534108958	388	38.50	23.60
1534109258	386	38.70	23.50
1534109559	386	38.60	23.50
1534109859	382	39.40	23.00
1534110159	388	39.60	23.00
1534110460	388	39.80	22.90
1534110760	386	39.60	23.10
1534111060	387	39.60	22.90
1534111361	384	39.40	22.50
1534111661	388	39.50	22.80
1534111961	390	40.10	22.60
1534112262	389	40.10	22.50
1534112562	389	40.30	22.70
1534112862	384	40.40	22.30
1534113163	386	40.70	22.40
1534113463	385	41.50	22.30
1534113763	382	43.10	22.70
1534114064	385	43.30	22.10
1534114364	385	43.40	22.10
1534114664	387	44.00	21.70
1534114965	390	44.30	22.00
1534115265	388	44.50	21.90
1534115565	385	44.50	21.90
1534115866	385	44.50	22.10
1534116166	388	44.20	22.10
1534116466	384	44.70	21.50
1534116767	382	46.10	21.50
1534117067	389	45.90	21.60
1534117367	382	46.10	21.60
1534117668	384	45.90	21.60
1534117968	387	46.50	21.70
1534118269	384	46.30	21.60
1534118569	384	46.30	21.50
1534118869	387	46.30	21.50
1534119170	386	46.20	21.50
1534119470	386	45.60	21.40
1534119770	388	45.30	21.80
1534120071	386	45.70	21.60
1534120371	387	45.50	21.70
1534120671	385	45.50	21.70
1534120972	386	45.90	21.50
1534121272	386	46.30	21.50
1534121572	387	46.70	21.30
1534121873	390	47.00	21.30
1534122173	385	46.80	21.30
1534122473	389	47.10	21.30
1534122774	386	46.90	21.10
1534123074	385	46.50	21.30
1534123374	384	47.10	21.00
1534123675	382	47.00	21.10
1534123975	386	47.10	21.30
1534124275	390	46.80	21.30
1534124576	387	46.70	21.10
1534124876	384	46.80	21.30
1534125176	389	47.00	21.10
1534125477	389	47.90	20.90
1534125777	388	47.80	20.90
1534126077	384	48.50	20.90
1534126378	390	48.50	20.80
1534126678	385	47.80	21.20
1534126978	390	47.50	21.10
1534127279	388	48.20	20.90
1534127579	387	48.90	20.50
1534127880	388	48.00	20.80
1534128180	390	48.10	20.70
1534128480	388	49.30	20.70
1534128781	390	49.10	20.20
1534129081	387	49.60	20.40
1534129381	391	49.30	20.00
1534129682	388	49.50	20.10
1534129982	386	49.50	20.00
1534130282	391	49.40	20.20
1534130583	385	49.90	19.90
1534130883	391	49.30	20.00
1534131183	391	49.50	19.90
1534131484	389	49.40	20.50
1534131784	388	49.20	20.00
1534132084	384	49.30	19.90
1534132385	389	48.30	20.40
1534132685	389	48.50	20.00
1534132985	387	49.20	20.10
1534133286	387	48.90	20.20
1534133586	386	48.60	20.40
1534133886	387	48.80	20.20
1534134187	387	48.00	20.30
1534134487	384	49.00	20.80
1534134787	386	47.90	20.50
1534135088	391	47.70	20.50
1534135388	388	47.20	20.60
1534135688	389	47.40	20.60
1534135989	386	47.50	20.60
1534136289	391	47.00	20.90
1534136589	388	46.80	20.70
1534136890	386	46.50	20.80
1534137190	384	46.40	20.70
1534137490	384	47.50	20.80
1534137791	389	48.40	20.90
1534138091	386	47.10	20.90
1534138391	389	46.90	21.30
1534138692	389	47.50	20.90
1534138992	391	47.00	20.80
1534139292	385	47.20	20.60
1534139593	389	47.90	20.90
1534139893	388	47.60	20.90
1534140193	384	47.00	21.10
1534140494	384	46.30	21.60
1534140794	388	46.10	21.50
1534141094	390	45.90	21.60
1534141395	387	46.00	21.60
1534141695	391	45.60	21.60
1534141995	389	45.40	21.90
1534142296	384	44.10	21.70
1534142596	386	43.80	22.20
1534142896	387	43.20	22.20
1534143197	389	43.10	22.50
1534143497	386	43.20	22.60
1534143798	386	41.90	22.80
1534144098	387	42.20	22.90
1534144398	387	41.60	23.10
1534144699	391	41.10	23.30
1534144999	387	40.80	23.80
1534145299	386	40.50	24.00
1534145600	392	39.70	24.10
1534145900	386	40.50	24.80
1534146200	386	39.00	24.70
1534146501	389	38.60	25.10
1534146801	387	37.10	25.10
1534147101	388	37.70	25.30
1534147402	391	37.30	25.40
1534147702	387	37.20	25.40
1534148002	389	36.50	25.60
1534148303	392	35.80	25.80
1534148603	387	34.90	26.70
1534148903	387	33.80	26.50
1534149204	389	32.40	26.70
1534149504	388	32.50	26.60
1534149804	388	34.00	26.50
1534150105	387	31.70	26.80
1534150405	387	29.50	27.10
1534150705	386	29.40	26.80
1534151006	388	29.10	27.30
1534151306	392	29.10	27.70
1534151606	390	29.30	28.20
1534151907	392	28.20	28.50
1534152207	388	27.30	29.10
1534152508	394	26.90	29.00
1534152808	388	26.30	29.50
1534153108	391	27.10	29.10
1534153409	391	25.70	29.40
1534153709	394	22.90	33.80
1534154009	389	21.20	36.00
1534154310	390	21.60	37.10
1534154610	388	21.40	37.90
1534154910	392	20.80	38.80
1534155211	393	20.90	38.40
1534155511	394	20.60	39.30
1534155811	393	21.00	39.70
1534156112	389	21.20	39.70
1534156412	396	21.30	39.40
1534156712	391	23.50	33.80
1534157013	389	24.40	33.70
1534157313	390	24.60	35.30
1534157613	389	22.40	37.50
1534157914	392	21.60	38.70
1534158214	389	21.10	37.80
1534158514	390	23.00	35.00
1534158815	389	21.60	37.90
1534159115	393	20.10	40.30
1534159415	394	20.10	39.20
1534159716	390	19.90	40.50
1534160016	394	19.70	40.90
1534160316	390	19.30	42.00
1534160617	396	18.70	42.20
1534160917	396	18.70	41.50
1534161217	393	18.40	43.50
1534161518	393	18.40	43.10
1534161818	396	18.30	42.80
1534162119	396	19.00	41.80
1534162419	393	19.10	41.80
1534162719	396	18.10	42.90
1534163020	393	18.80	43.10
1534163320	394	18.00	43.30
1534163620	399	18.30	42.30
1534163921	394	19.00	42.70
1534164221	398	18.90	43.30
1534164521	400	17.50	44.30
1534164822	398	17.40	42.70
1534165122	394	21.10	35.10
1534165422	393	23.20	34.90
1534165723	392	22.40	34.90
1534166023	396	24.20	33.10
1534166323	396	25.20	32.10
1534166624	396	25.80	31.80
1534166924	398	25.90	31.10
1534167224	393	26.40	30.40
1534167525	393	27.10	30.50
1534167825	392	26.80	30.20
1534168125	392	27.20	29.60
1534168426	394	27.20	29.60
1534168726	392	27.30	29.20
1534169026	394	28.10	28.80
1534169327	393	29.60	28.40
1534169627	396	30.80	28.00
1534169928	392	30.80	27.10
1534170228	396	31.70	26.80
1534170528	391	33.40	26.70
1534170829	394	35.20	25.70
1534171129	394	45.50	22.40
1534171429	403	49.80	21.90
1534171730	393	70.50	19.40
1534172030	396	69.80	19.20
1534172330	396	67.20	19.60
1534172631	391	61.00	20.50
1534172931	390	57.50	21.10
1534173231	389	54.40	21.40
1534173532	390	56.90	20.80
1534173832	391	57.10	20.70
1534174132	396	57.70	21.10
1534174433	392	55.80	21.30
1534174733	393	55.90	21.10
1534175033	390	57.40	20.70
1534175334	396	57.10	21.20
1534175634	390	55.10	22.10
1534175934	392	53.50	22.00
1534176235	389	53.80	22.30
1534176535	394	53.20	21.90
1534176836	396	52.90	22.20
1534177136	396	53.70	22.10
1534177436	393	53.80	21.80
1534177737	394	53.70	22.30
1534178037	394	53.60	21.50
1534178337	397	54.40	22.10
1534178638	394	53.90	21.90
1534178938	394	54.20	22.10
1534179238	393	54.20	22.00
1534179539	392	54.20	21.90
1534179839	397	55.10	21.80
1534180139	392	55.90	22.00
1534180440	393	54.90	21.30
1534180740	390	55.30	21.80
1534181040	396	54.40	21.40
1534181341	393	55.80	21.40
1534181641	390	54.20	21.40
1534181941	391	55.20	21.10
1534182242	392	56.70	21.40
1534182542	396	56.60	21.80
1534182842	396	54.90	21.90
1534183143	394	56.40	21.30
1534183443	396	57.20	21.10
1534183743	397	58.30	20.70
1534184044	396	57.70	20.70
1534184344	393	58.70	20.50
1534184644	391	58.60	20.30
1534184945	393	58.40	19.90
1534185245	396	59.40	19.90
1534185545	390	59.10	19.80
1534185846	391	59.80	19.60
1534186146	396	58.80	20.10
1534186446	397	58.90	19.80
1534186747	396	59.40	19.70
1534187047	394	59.10	19.90
1534187347	394	59.00	20.20
1534187648	396	59.20	19.70
1534187948	393	60.30	19.90
1534188248	392	59.50	19.70
1534188549	396	59.80	19.70
1534188849	393	58.00	20.00
1534189150	393	58.00	20.50
1534189450	392	57.50	20.30
1534189750	397	58.50	20.00
1534190051	396	57.20	20.60
1534190351	396	57.20	19.80
1534190651	393	57.60	19.80
1534190952	396	57.20	20.10
1534191252	392	58.30	19.90
1534191552	396	57.00	20.40
1534191853	392	57.90	19.80
1534192153	394	56.40	19.60
1534192453	396	58.00	19.60
1534192754	398	57.50	19.80
1534193054	397	58.20	19.50
1534193354	396	58.70	19.80
1534193655	392	59.20	19.30
1534193955	391	58.70	19.70
1534194255	394	59.00	19.50
1534194556	393	58.80	19.60
1534194856	396	58.00	19.60
1534195156	398	58.50	19.40
1534195457	393	58.80	19.80
1534195757	397	56.90	20.10
1534196057	392	58.30	19.40
1534196358	393	58.80	19.50
1534196658	397	58.60	19.50
1534196959	392	57.30	20.00
1534197259	391	56.90	20.10
1534197559	397	57.90	19.90
1534197860	391	57.40	20.30
1534198160	392	56.80	20.50
1534198460	391	56.20	20.40
1534198761	391	56.70	20.10
1534199061	392	57.70	20.30
1534199361	398	58.10	20.00
1534199662	396	59.70	20.20
1534199962	392	59.20	19.70
1534200262	392	61.50	19.10
1534200563	393	61.50	19.00
1534200863	397	61.30	19.00
1534201163	398	60.90	19.20
1534201464	392	60.60	19.30
1534201764	392	61.30	18.80
1534202064	392	61.70	18.50
1534202365	392	61.70	19.00
1534202665	392	60.40	19.10
1534202965	397	59.80	18.80
1534203266	391	61.20	18.50
1534203566	397	60.70	18.60
1534203866	399	60.80	18.80
1534204167	397	60.50	18.50
1534204467	396	59.10	19.10
1534204767	399	58.60	19.10
1534205068	393	58.60	19.60
1534205368	397	59.10	19.60
1534205668	393	58.70	18.90
1534205969	397	59.20	18.70
1534206269	394	59.10	18.60
1534206569	393	59.70	18.20
1534206870	393	59.50	18.30
1534207170	397	59.20	18.40
1534207470	394	58.40	18.50
1534207771	391	58.30	18.20
1534208071	397	59.10	18.20
1534208371	394	58.30	18.50
1534208672	394	58.60	18.40
1534208972	397	59.40	17.90
1534209272	399	59.70	18.40
1534209573	399	59.10	18.20
1534209873	396	58.80	18.20
1534210173	400	59.30	18.00
1534210474	393	58.90	18.10
1534210774	394	59.80	18.00
1534211074	399	60.20	17.80
1534211375	393	59.50	18.10
1534211675	398	59.50	18.30
1534211975	394	59.40	18.50
1534212276	394	59.50	17.90
1534212576	393	60.10	18.40
1534212876	397	59.10	18.20
1534213177	392	58.30	18.50
1534213477	393	58.80	18.20
1534213778	394	59.20	18.20
1534214078	392	59.30	18.00
1534214378	400	58.80	18.10
1534214679	392	58.20	18.00
1534214979	397	59.40	17.80
1534215279	401	59.90	18.00
1534215579	394	58.60	18.10
1534215880	399	59.30	17.90
1534216180	397	59.60	17.60
1534216480	394	58.90	18.00
1534216781	397	58.00	18.30
1534217081	402	57.30	18.40
1534217382	394	56.90	18.50
1534217682	397	56.60	18.50
1534217982	394	58.00	18.20
1534218283	397	57.60	18.40
1534218583	398	57.70	18.20
1534218883	398	58.20	18.10
1534219184	394	58.20	18.00
1534219484	399	57.90	18.10
1534219784	397	58.50	17.90
1534220085	396	57.40	18.20
1534220385	396	57.00	18.30
1534220685	396	56.90	18.40
1534220986	396	56.80	18.20
1534221286	396	56.50	18.40
1534221586	397	55.40	18.70
1534221887	399	56.80	18.40
1534222187	399	57.30	18.50
1534222487	400	56.20	18.60
1534222788	393	55.40	18.80
1534223088	394	55.60	18.60
1534223388	398	55.40	18.80
1534223689	396	55.80	18.70
1534223989	397	55.80	18.60
1534224289	396	55.60	18.90
1534224590	398	55.50	18.80
1534224890	399	55.80	18.40
1534225190	399	55.00	19.10
1534225491	398	55.00	19.10
1534225791	398	54.80	18.90
1534226092	393	55.70	19.00
1534226392	397	55.40	19.00
1534226692	400	55.50	19.10
1534226993	401	55.00	19.10
1534227293	400	55.60	18.90
1534227593	396	55.90	18.80
1534227894	394	55.20	18.80
1534228194	396	56.00	18.80
1534228494	396	55.80	18.60
1534228795	400	56.00	18.70
1534229095	397	56.20	18.60
1534229395	398	55.60	18.80
1534229696	398	55.10	19.00
1534229996	397	54.40	18.90
1534230296	400	54.50	19.10
1534230597	399	53.80	19.40
1534230897	397	53.20	19.80
1534231197	396	52.50	19.70
1534231498	401	51.70	20.00
1534231798	397	50.60	20.30
1534232098	394	49.50	20.80
1534232399	394	48.40	20.60
1534232699	396	49.50	20.90
1534232999	394	48.50	21.10
1534233300	394	48.80	20.60
1534233600	401	50.00	20.40
1534233900	394	48.90	20.70
1534234201	396	48.50	20.80
1534234501	397	48.80	20.60
1534234802	401	49.50	20.40
1534235102	394	48.70	20.70
1534235402	401	48.90	20.70
1534235702	393	47.50	20.90
1534236003	398	47.50	21.00
1534236303	396	46.70	21.30
1534236604	397	46.60	21.10
1534236904	400	47.60	20.50
1534237204	401	48.10	20.40
1534237505	401	47.70	21.00
1534237805	396	46.20	21.60
1534238105	397	45.40	22.20
1534238406	394	44.70	22.40
1534238706	402	45.00	21.80
1534239006	400	45.30	22.40
1534239307	397	44.20	22.20
1534239607	401	46.20	21.70
1534239907	401	45.90	21.80
1534240208	396	33.60	30.70
1534240508	398	30.30	31.40
1534240808	397	30.00	32.10
1534241109	401	33.20	26.20
1534241409	402	38.60	23.40
1534241709	402	40.40	22.20
1534242010	397	42.10	22.00
1534242310	400	42.10	21.50
1534242610	399	42.30	21.30
1534242911	402	42.30	21.10
1534243211	399	42.30	21.10
1534243511	397	42.40	20.90
1534243812	396	42.30	21.00
1534244112	402	42.20	21.20
1534244412	397	41.90	21.20
1534244713	396	41.80	21.20
1534245013	397	42.30	21.80
1534245313	400	42.00	22.20
1534245614	398	39.90	22.60
1534245914	401	38.50	23.20
1534246214	398	31.40	30.10
1534246515	399	33.10	25.90
1534246815	399	28.30	32.70
1534247115	401	30.20	30.30
1534247416	402	30.50	29.10
1534247716	398	26.00	33.90
1534248016	398	26.70	34.00
1534248317	400	24.90	35.10
1534248617	402	26.40	33.20
1534248917	404	24.50	35.90
1534249218	401	24.70	35.20
1534249518	404	24.50	35.80
1534249818	405	23.80	35.80
1534250119	405	25.00	35.50
1534250419	404	23.30	35.30
1534250719	405	24.20	35.40
1534251020	402	24.50	34.40
1534251320	404	23.30	34.60
1534251620	404	26.40	30.40
1534251921	406	26.00	33.10
1534252221	405	25.80	31.70
1534252521	406	25.40	31.70
1534252822	401	25.90	32.50
1534253122	402	25.80	30.00
1534253422	406	27.10	31.50
1534253723	404	26.20	30.50
1534254023	401	28.60	27.60
1534254323	405	30.90	25.80
1534254624	400	32.30	24.70
1534254924	405	32.30	24.60
1534255224	400	34.10	23.60
1534255525	403	34.40	23.80
1534255825	402	33.20	24.30
1534256125	404	32.50	27.30
1534256426	403	27.00	31.90
1534256726	405	25.10	31.50
1534257027	402	25.90	30.20
1534257327	402	26.30	28.90
1534257627	403	28.10	27.20
1534257928	408	29.10	26.50
1534258228	405	29.70	25.70
1534258528	405	30.10	25.80
1534258829	405	32.20	25.60
1534259129	402	31.80	24.90
1534259430	405	31.10	24.40
1534259731	401	31.20	24.60
1534260040	400	30.90	24.60
1534260340	401	31.50	24.30
1534260640	402	32.40	24.20
1534260941	400	31.60	24.20
1534261241	406	32.20	23.90
1534261541	403	31.90	24.30
1534261842	403	31.00	24.40
1534262142	402	30.70	24.30
1534262442	403	31.20	24.20
1534262743	405	32.50	24.30
1534263043	405	32.40	24.00
1534263343	402	31.60	24.30
1534263644	401	31.60	24.10
1534263944	405	30.90	24.20
1534264244	404	30.70	24.20
1534264545	403	31.00	24.00
1534264845	405	31.80	24.30
1534265146	401	31.70	24.30
1534265446	405	30.90	24.00
1534265746	400	31.30	23.90
1534266047	405	31.30	23.70
1534266347	402	31.00	23.60
1534266647	405	31.60	23.60
1534266948	405	30.60	23.50
1534267248	405	30.70	23.80
1534267548	405	30.50	23.80
1534267849	406	31.20	23.60
1534268149	406	30.80	23.60
1534268449	405	31.00	23.40
1534268750	401	32.00	23.30
1534269050	403	32.90	23.20
1534269350	400	33.50	23.10
1534269651	406	33.90	23.00
1534269951	403	34.60	23.00
1534270251	401	33.90	22.70
1534270552	401	34.20	22.70
1534270852	404	34.90	22.80
1534271152	405	35.50	23.10
1534271453	403	35.60	22.60
1534271753	401	34.50	22.60
1534272053	404	34.30	22.80
1534272354	401	35.30	22.80
1534272654	401	35.60	22.90
1534272955	404	35.50	22.50
1534273255	402	35.40	22.50
1534273555	406	35.00	22.40
1534273856	401	35.50	22.20
1534274156	405	35.60	22.20
1534274457	400	35.80	22.00
1534274757	405	36.00	21.90
1534275057	401	35.50	21.90
1534275358	406	35.70	21.80
1534275658	402	35.70	21.80
1534275958	402	35.90	21.70
1534276259	406	35.80	21.80
1534276559	405	36.10	21.70
1534276859	403	36.20	21.80
1534277160	401	36.50	21.80
1534277460	405	36.80	21.70
1534277760	405	37.40	22.30
1534278061	405	36.80	21.80
1534278361	401	37.00	21.50
1534278661	405	36.90	21.80
1534278962	401	36.70	21.40
1534279262	402	37.40	21.60
1534279562	401	37.90	21.60
1534279863	405	37.70	21.50
1534280163	406	37.30	21.50
1534280463	406	37.80	21.20
1534280764	402	37.20	21.00
1534281064	403	38.10	21.50
1534281364	401	37.60	21.40
1534281665	403	38.30	21.00
1534281965	406	38.60	21.20
1534282265	404	38.40	21.00
1534282566	405	38.40	21.20
1534282866	402	38.20	21.00
1534283166	402	38.80	21.30
1534283467	401	39.10	21.30
1534283767	406	38.70	21.20
1534284067	401	39.20	21.20
1534284368	405	39.60	21.10
1534284668	403	39.10	21.10
1534284968	403	39.30	21.00
1534285269	403	38.80	21.10
1534285569	402	38.90	20.70
1534285869	406	39.80	20.90
1534286170	404	39.40	21.10
1534286470	405	40.20	20.80
1534286771	402	40.00	20.70
1534287071	406	40.90	21.40
1534287371	405	40.50	20.60
1534287672	402	39.80	20.70
1534287972	406	41.30	20.70
1534288272	401	40.70	20.60
1534288573	402	40.50	20.60
1534288873	401	40.60	20.20
1534289173	404	41.00	20.40
1534289474	405	40.80	20.40
1534289774	405	40.80	20.90
1534290074	405	40.60	20.60
1534290375	402	41.50	20.40
1534290675	405	41.00	20.50
1534290975	404	41.50	20.40
1534291276	405	41.70	20.00
1534291576	403	41.50	20.30
1534291876	403	41.80	20.40
1534292177	402	41.40	20.40
1534292477	402	41.50	20.60
1534292777	406	41.00	20.40
1534293078	402	41.90	20.00
1534293378	402	42.70	19.70
1534293678	405	42.60	20.10
1534293979	408	42.50	20.40
1534294279	406	42.50	20.10
1534294579	403	42.70	20.10
1534294880	406	43.80	20.00
1534295180	404	42.60	20.20
1534295480	406	43.00	20.20
1534295781	403	43.10	20.40
1534296081	405	43.10	20.00
1534296381	402	43.60	20.00
1534296682	402	43.20	19.90
1534296982	408	43.90	20.00
1534297282	402	43.20	20.10
1534297583	406	43.80	20.00
1534297883	405	43.90	19.90
1534298183	403	44.10	20.00
1534298484	406	44.80	19.60
1534298784	402	45.80	19.40
1534299084	405	46.10	19.50
1534299385	408	45.60	19.70
1534299685	403	45.60	19.60
1534299985	405	46.20	19.40
1534300286	406	46.40	19.30
1534300586	406	46.70	19.30
1534300886	403	46.10	19.40
1534301187	403	46.20	19.60
1534301487	408	45.90	19.70
1534301787	406	46.20	19.50
1534302088	405	46.30	19.50
1534302388	406	46.20	19.70
1534302688	403	46.10	19.50
1534302989	405	45.70	19.20
1534303289	402	46.20	19.60
1534303589	405	46.30	19.70
1534303890	405	46.10	19.90
1534304190	405	45.90	20.00
1534304490	404	46.00	19.60
1534304791	405	46.10	19.50
1534305091	403	46.40	19.40
1534305391	404	47.10	19.50
1534305692	408	46.80	19.20
1534305992	406	46.80	19.30
1534306292	406	46.90	19.10
1534306593	405	46.90	19.40
1534306893	403	46.80	19.30
1534307193	404	46.30	19.30
1534307494	406	46.80	19.20
1534307794	408	46.80	19.00
1534308095	405	47.20	18.90
1534308395	404	47.00	19.20
1534308695	405	47.50	19.30
1534308996	404	47.40	19.00
1534309296	408	46.60	19.00
1534309596	403	47.80	18.90
1534309897	406	48.40	18.50
1534310197	405	48.70	18.50
1534310497	403	48.40	18.80
1534310798	404	47.20	18.40
1534311098	403	48.00	19.00
1534311398	402	48.00	19.50
1534311699	404	47.90	18.90
1534311999	403	47.10	19.40
1534312299	402	47.40	19.10
1534312600	408	47.60	19.10
1534312900	408	47.40	19.30
1534313200	408	46.80	19.30
1534313501	408	47.40	19.20
1534313801	410	47.90	19.10
1534314101	404	48.60	18.70
1534314402	403	48.30	19.20
1534314702	403	47.90	18.90
1534315002	403	46.80	18.90
1534315303	409	47.60	19.20
1534315603	405	46.60	19.80
1534315903	410	46.70	20.00
1534316204	405	45.40	20.30
1534316504	404	45.60	20.20
1534316805	408	45.90	20.30
1534317105	408	46.30	20.20
1534317405	408	46.50	20.30
1534317706	403	46.10	20.30
1534318006	409	46.60	20.10
1534318306	410	46.30	20.10
1534318607	404	45.70	20.30
1534318907	409	46.30	20.20
1534319207	404	46.30	20.50
1534319508	409	44.90	20.20
1534319808	404	44.40	20.80
1534320108	409	44.10	20.60
1534320409	405	43.80	20.90
1534320709	406	43.60	21.20
1534321009	408	44.10	21.30
1534321310	406	43.60	21.60
1534321610	411	42.90	21.60
1534321910	408	42.40	21.80
1534322211	404	42.30	22.30
1534322511	405	41.60	22.10
1534322811	406	40.90	22.70
1534323112	411	41.80	22.10
1534323412	408	40.50	22.30
1534323712	410	40.10	22.60
1534324013	409	39.20	22.80
1534324313	405	39.70	23.30
1534324613	411	39.00	23.20
1534324914	405	37.70	23.90
1534325214	408	36.50	24.40
1534325514	412	36.20	24.60
1534325815	406	35.40	26.10
1534326115	410	34.70	25.10
1534326415	406	36.30	23.70
1534326716	408	32.10	26.60
1534327016	406	31.00	28.70
1534327316	408	27.20	32.80
1534327617	413	25.50	35.30
1534327917	413	26.60	31.30
1534328217	408	32.50	26.10
1534328518	406	35.50	24.70
1534328818	409	32.90	28.00
1534329118	409	30.80	27.80
1534329419	410	29.60	28.90
1534329719	410	27.60	31.40
1534330019	409	27.40	32.60
1534330320	409	25.40	35.50
1534330620	411	27.80	29.30
1534330921	408	30.20	26.40
1534331221	410	32.60	25.00
1534331521	410	32.20	24.60
1534331822	410	29.40	27.20
1534332122	412	28.00	28.90
1534332422	414	26.30	32.90
1534332723	411	24.90	33.80
1534333023	408	23.80	37.30
1534333323	410	25.40	34.40
1534333624	414	27.90	32.00
1534333924	410	23.80	38.40
1534334224	412	23.70	34.30
1534334525	411	22.30	38.50
1534334825	411	21.50	38.60
1534335125	411	21.70	39.20
1534335426	415	21.00	40.20
1534335726	413	20.30	40.70
1534336026	412	20.30	38.50
1534336327	413	20.70	39.20
1534336627	415	19.20	41.50
1534336927	416	18.70	41.70
1534337228	418	18.20	41.80
1534337528	423	17.70	42.60
1534337828	420	19.40	38.60
1534338129	416	23.20	34.30
1534338429	415	21.90	38.60
1534338729	413	22.80	34.60
1534339030	416	25.80	31.30
1534339330	350	26.70	29.80
1534339630	355	26.80	32.50
1534339931	353	23.20	34.90
1534340231	355	27.00	31.50
1534340531	351	27.20	29.60
1534340832	357	29.20	28.90
1534341132	361	29.20	28.50
1534341433	363	25.10	33.70
1534341733	365	23.80	35.20
1534342033	360	21.80	36.90
1534342334	362	23.10	32.80
1534342634	364	26.40	30.30
1534342934	367	25.40	32.00
1534343235	364	23.00	35.30
1534343535	373	24.60	35.00
1534343835	369	23.50	33.40
1534344136	369	25.30	31.00
1534344436	376	25.50	29.60
1534344736	374	25.60	30.30
1534345037	375	25.40	30.10
1534345337	380	25.10	29.60
1534345637	379	26.10	28.30
1534345938	379	27.20	28.70
1534346238	375	26.40	27.90
1534346538	381	27.20	27.50
1534346839	382	27.60	27.20
1534347139	382	29.80	27.60
1534347439	380	28.60	27.70
1534347740	381	26.60	27.40
1534348040	380	27.40	26.80
1534348340	382	29.80	26.90
1534348641	381	28.00	26.90
1534348941	387	30.50	26.70
1534349241	381	28.10	26.80
1534349542	387	28.30	26.60
1534349842	385	28.50	26.80
1534350142	386	29.30	26.60
1534350443	386	28.90	26.70
1534350743	385	29.40	26.60
1534351043	381	29.00	26.30
1534351344	385	30.00	26.20
1534351644	388	30.90	26.10
1534351944	384	29.70	26.00
1534352245	381	29.60	25.60
1534352545	388	30.70	25.70
1534352845	385	30.10	25.80
1534353146	388	30.50	25.30
1534353446	386	31.50	25.70
1534353746	384	29.80	25.40
1534354047	386	30.60	25.10
1534354347	388	31.50	25.10
1534354647	381	32.10	25.10
1534354948	389	32.80	24.90
1534355248	391	33.20	24.80
1534355548	386	34.00	24.80
1534355849	386	34.10	24.90
1534356149	384	34.40	24.60
1534356449	386	34.60	24.30
1534356750	385	35.00	24.30
1534357050	386	34.60	24.20
1534357350	390	35.60	24.00
1534357651	391	36.00	23.90
1534357951	387	35.50	23.80
1534358252	386	36.40	23.60
1534358552	384	36.70	23.60
1534358852	387	36.30	23.60
1534359153	387	36.70	23.50
1534359453	392	37.60	23.90
1534359753	391	37.50	23.40
1534360054	389	37.40	23.40
1534360354	389	38.30	23.20
1534360654	388	38.00	22.80
1534360955	386	38.60	23.30
1534361255	386	38.20	23.30
1534361555	390	38.30	23.20
1534361856	385	38.50	23.10
1534362156	389	39.30	22.70
1534362456	387	38.80	23.00
1534362757	387	39.00	23.00
1534363057	386	39.50	23.10
1534363357	392	39.10	23.20
1534363658	393	39.10	23.00
1534363958	391	39.30	22.80
1534364258	391	39.60	22.90
1534364559	387	40.00	22.80
1534364859	392	38.60	22.70
1534365159	390	38.90	22.80
1534365460	392	39.40	22.70
1534365760	387	40.50	23.10
1534366060	386	39.40	22.20
1534366361	387	40.80	22.60
1534366661	392	40.40	22.60
1534366961	390	40.20	22.20
1534367262	388	40.90	22.40
1534367562	386	41.40	22.20
1534367862	393	41.40	22.10
1534368163	392	41.40	22.30
1534368463	387	41.70	22.50
1534368763	392	42.00	22.10
1534369064	391	42.60	22.00
1534369364	387	42.70	21.50
1534369665	393	42.30	21.70
1534369965	387	42.90	21.60
1534370265	391	43.70	21.90
1534370566	387	42.70	21.80
1534370866	393	43.10	21.60
1534371166	391	43.50	21.50
1534371467	390	44.20	21.50
1534371767	393	44.80	21.30
1534372067	393	44.70	21.50
1534372368	391	45.00	21.30
1534372668	392	45.50	21.20
1534372968	394	46.00	21.50
1534373269	393	45.40	21.40
1534373569	393	46.00	21.20
1534373869	387	45.80	21.10
1534374170	393	45.60	20.70
1534374470	389	46.20	21.00
1534374770	392	46.20	21.00
1534375071	392	46.30	21.20
1534375371	394	46.30	21.00
1534375671	392	46.30	21.00
1534375972	394	46.60	20.90
1534376272	393	46.70	20.80
1534376572	394	47.50	20.50
1534376873	389	48.30	20.20
1534377173	392	48.50	20.00
1534377473	390	49.20	19.60
1534377774	388	49.60	19.60
1534378074	394	49.60	19.40
1534378374	394	50.10	19.20
1534378675	389	50.60	19.20
1534378975	388	50.10	19.40
1534379275	393	49.80	19.50
1534379576	388	48.90	19.90
1534379876	394	48.80	20.10
1534380176	387	48.20	20.20
1534380477	393	48.60	20.40
1534380777	396	48.40	20.40
1534381077	388	48.20	20.30
1534381378	392	49.20	20.20
1534381678	393	48.60	20.30
1534381978	390	48.90	20.20
1534382279	396	49.30	20.00
1534382579	390	49.60	19.90
1534382879	393	50.10	19.80
1534383180	392	50.10	19.80
1534383480	388	50.50	19.70
1534383780	394	50.30	19.60
1534384081	393	50.30	19.80
1534384381	390	50.60	19.70
1534384681	389	50.30	19.60
1534384982	390	50.30	19.50
1534385282	394	50.50	19.50
1534385582	388	51.00	19.30
1534385883	391	51.30	19.20
1534386183	389	51.80	19.30
1534386483	393	51.70	19.00
1534386784	393	51.50	19.00
1534387084	390	52.90	18.60
1534387384	389	53.30	19.30
1534387685	390	52.50	18.60
1534387985	390	51.60	18.90
1534388285	390	51.70	18.80
1534388586	393	51.40	19.00
1534388886	388	50.90	18.80
1534389186	394	51.50	18.80
1534389487	389	52.20	18.70
1534389787	389	53.90	17.80
1534390087	389	54.50	17.60
1534390388	390	54.90	18.10
1534390688	394	54.50	17.60
1534390988	392	54.50	17.50
1534391289	390	54.50	17.30
1534391589	396	54.10	17.50
1534391889	389	54.90	17.10
1534392190	393	54.80	17.20
1534392490	393	55.30	17.10
1534392791	392	53.90	17.40
1534393091	393	52.70	17.70
1534393391	393	53.00	17.80
1534393692	396	53.00	17.50
1534393992	389	53.50	17.20
1534394292	396	53.10	17.30
1534394593	394	53.20	17.40
1534394893	389	53.60	17.10
1534395193	389	53.60	17.40
1534395494	389	53.30	17.30
1534395794	389	52.60	17.50
1534396094	396	52.70	17.60
1534396395	390	52.70	17.40
1534396695	392	52.90	17.30
1534396995	392	52.90	17.30
1534397296	392	52.40	17.60
1534397596	392	51.80	17.70
1534397896	390	50.90	17.60
1534398197	391	50.10	18.20
1534398497	398	50.10	18.50
1534398797	393	49.80	18.60
1534399098	391	49.40	18.90
1534399398	396	50.00	19.20
1534399698	396	49.50	19.30
1534399999	392	50.10	19.20
1534400299	394	50.00	19.30
1534400599	390	49.70	19.40
1534400900	391	49.30	19.30
1534401200	392	49.50	19.50
1534401500	397	50.70	19.40
1534401801	393	49.70	19.30
1534402101	393	49.40	19.60
1534402401	394	47.70	19.90
1534402702	393	47.50	19.90
1534403002	398	45.50	20.20
1534403302	394	44.90	20.30
1534403603	397	44.90	20.10
1534403903	392	45.90	20.30
1534404203	393	45.60	20.60
1534404504	399	45.20	20.80
1534404804	400	44.90	21.10
1534405105	393	43.70	21.20
1534405405	396	44.80	21.00
1534405705	393	44.20	21.40
1534406005	398	43.60	21.60
1534406306	392	42.50	21.90
1534406606	394	41.70	22.10
1534406907	393	41.50	22.40
1534407207	398	41.40	22.50
1534407507	398	40.90	22.50
1534407808	396	40.10	22.30
1534408108	396	41.70	22.30
1534408408	396	40.50	23.00
1534408709	399	39.90	23.00
1534409009	400	40.60	23.50
1534409309	401	39.60	23.50
1534409610	397	40.20	23.80
1534409910	400	38.70	24.20
1534410210	394	37.80	24.60
1534410511	397	37.30	24.20
1534410811	400	36.90	24.70
1534411111	398	36.30	25.00
1534411412	399	36.30	25.00
1534411712	403	36.00	25.50
1534412012	399	35.20	25.80
1534412313	402	33.20	25.90
1534412613	398	32.00	29.70
1534412913	399	27.00	34.30
1534413214	403	25.20	35.10
1534413514	398	24.60	35.00
1534413814	401	24.60	35.30
1534414115	400	24.10	36.60
1534414415	399	23.30	36.60
1534414715	403	22.90	37.00
1534415016	400	21.90	37.00
1534415316	405	23.30	37.30
1534415616	401	22.70	36.30
1534415917	401	22.40	34.40
1534416217	404	23.30	34.40
1534416517	404	22.90	35.90
1534416818	401	22.00	38.20
1534417118	405	21.20	38.60
1534417418	405	20.40	39.70
1534417719	405	20.60	40.20
1534418019	404	20.10	41.40
1534418319	402	19.20	41.60
1534418620	405	19.90	41.70
1534418920	403	19.20	42.50
1534419220	406	18.70	42.00
1534419521	409	20.20	42.80
1534419821	404	18.90	42.70
1534420122	406	19.50	41.90
1534420422	406	18.70	42.70
1534420722	405	18.90	42.60
1534421023	409	18.90	43.60
1534421323	406	17.90	44.00
1534421623	405	18.80	42.30
1534421924	406	18.10	43.60
1534422224	406	18.40	42.70
1534422524	408	18.40	42.90
1534422825	405	18.90	43.80
1534423125	405	18.60	42.50
1534423425	413	17.60	43.80
1534423726	408	17.20	44.50
1534424026	408	18.10	43.90
1534424326	413	17.10	44.20
1534424627	413	17.30	44.20
1534424927	410	17.10	43.00
1534425227	410	17.70	43.20
1534425528	413	17.20	42.90
1534425828	411	17.20	43.40
1534426128	415	17.90	43.20
1534426429	415	17.90	42.90
1534426729	413	18.20	42.20
1534427029	412	18.30	42.60
1534427330	413	17.60	42.80
1534427630	412	18.20	42.30
1534427930	412	18.10	42.30
1534428231	413	19.90	40.70
1534428531	414	18.60	41.00
1534428831	413	19.40	40.10
1534429132	418	19.20	40.80
1534429432	416	19.00	41.10
1534429732	413	19.50	41.90
1534430033	416	18.70	40.90
1534430333	414	20.20	38.10
1534430633	412	21.40	35.60
1534430934	415	21.90	35.00
1534431234	416	23.30	34.30
1534431534	416	23.50	33.40
1534431835	416	23.70	32.60
1534432135	416	24.60	31.90
1534432435	411	25.70	30.20
1534432736	414	25.50	30.30
1534433036	411	26.30	29.80
1534433336	411	26.20	29.50
1534433637	414	27.10	29.50
1534433937	413	26.60	29.70
1534434237	339	26.70	29.30
1534434538	344	27.50	28.60
1534434838	346	28.40	28.40
1534435138	346	28.30	28.30
1534435439	355	29.20	28.00
1534435739	346	30.00	28.00
1534436039	350	30.40	27.80
1534436340	350	29.60	27.90
1534436640	357	30.70	27.60
1534436940	356	31.10	27.60
1534437241	354	29.10	27.10
1534437541	358	29.10	27.80
1534437841	357	29.10	27.80
1534438142	355	28.70	27.80
1534438442	361	29.10	27.60
1534438742	362	29.40	27.60
1534439043	356	29.20	27.50
1534439343	360	29.70	27.20
1534439643	365	29.60	27.10
1534439944	357	30.10	26.90
1534440244	363	29.60	27.00
1534440544	363	29.80	27.00
1534440845	364	30.60	26.90
1534441145	358	31.00	26.80
1534441445	361	31.00	26.70
1534441746	362	31.60	26.40
1534442046	364	32.10	26.40
1534442346	363	31.90	26.40
1534442647	366	32.90	26.30
1534442947	362	32.00	26.00
1534443247	364	32.70	26.10
1534443548	365	33.20	25.90
1534443848	369	33.80	25.70
1534444148	366	34.20	25.70
1534444449	365	36.70	25.40
1534444749	370	34.50	25.50
1534445049	367	34.70	25.20
1534445350	369	34.80	25.00
1534445650	366	36.60	24.90
1534445950	367	36.20	25.00
1534446251	373	36.00	24.80
1534446551	365	36.30	24.70
1534446851	368	37.30	24.60
1534447152	366	36.70	24.50
1534447452	372	37.90	24.90
1534447752	367	37.00	24.30
1534448053	373	37.10	24.40
1534448353	370	37.90	24.30
1534448653	373	38.00	23.90
1534448954	366	38.10	24.10
1534449254	368	38.80	24.10
1534449554	368	38.60	24.00
1534449855	368	37.70	23.90
1534450155	367	38.90	23.90
1534450455	374	38.20	23.70
1534450756	375	39.10	23.70
1534451056	375	38.50	23.20
1534451357	376	39.20	23.40
1534451657	376	39.10	23.60
1534451957	376	40.20	23.30
1534452258	375	40.40	23.20
1534452558	377	40.00	23.50
1534452858	376	39.10	22.60
1534453159	375	39.70	23.00
1534453459	373	40.10	23.00
1534453759	368	40.50	23.10
1534454060	375	40.40	22.90
1534454360	369	39.60	23.10
1534454660	377	40.20	23.00
1534454961	370	40.90	23.10
1534455261	377	40.10	23.00
1534455562	376	39.50	23.00
1534455862	377	39.70	22.80
1534456162	377	39.40	22.80
1534456463	377	39.70	22.80
1534456763	370	40.10	22.60
1534457063	377	39.60	22.50
1534457364	377	39.70	22.70
1534457664	377	39.70	22.80
1534457965	370	40.30	22.60
1534458265	375	39.50	22.50
1534458565	375	39.80	22.40
1534458866	373	39.30	22.00
1534459166	374	41.20	22.50
1534459466	376	40.10	22.40
1534459767	378	40.20	22.10
1534460067	374	39.80	22.20
1534460367	378	39.80	21.50
1534460668	375	39.90	21.70
1534460968	374	40.00	21.80
1534461268	373	40.00	22.00
1534461569	379	40.40	21.80
1534461869	379	41.00	21.80
1534462170	377	41.90	22.00
1534462470	378	41.00	21.90
1534462770	380	41.30	21.80
1534463071	374	41.60	21.50
1534463371	380	43.00	21.90
1534463671	379	41.80	21.60
1534463972	374	42.40	21.80
1534464272	376	42.30	21.60
1534464572	376	42.40	21.70
1534464873	374	42.10	21.70
1534465173	375	42.50	21.70
1534465473	373	42.00	21.60
1534465774	377	41.90	21.30
1534466074	373	42.40	21.40
1534466374	375	43.30	21.10
1534466675	375	43.20	21.00
1534466975	379	43.90	21.00
1534467275	379	43.70	20.90
1534467576	378	44.00	20.90
1534467876	381	44.60	20.90
1534468176	380	44.50	20.80
1534468477	376	44.60	20.40
1534468777	378	45.50	20.60
1534469077	377	44.20	20.40
1534469378	382	44.40	20.40
1534469678	376	45.30	20.70
1534469978	382	45.00	21.10
1534470279	378	44.50	20.10
1534470579	382	45.10	20.20
1534470879	382	45.20	20.10
1534471180	379	45.90	20.00
1534471480	377	46.10	19.90
1534471780	380	46.00	19.90
1534472081	381	46.10	19.80
1534472381	384	46.00	19.80
1534472681	382	46.30	19.70
1534472982	377	46.90	19.70
1534473282	384	46.80	19.70
1534473582	380	47.30	19.50
1534473883	381	47.60	19.20
1534474183	382	48.20	19.00
1534474483	375	48.00	19.20
1534474784	376	48.00	19.20
1534475084	378	48.40	19.00
1534475384	376	48.70	19.50
1534475685	381	47.70	19.30
1534475985	379	48.60	19.50
1534476285	376	48.70	19.00
1534476586	378	48.40	19.20
1534476886	382	47.90	19.20
1534477186	384	48.10	19.30
1534477487	382	48.00	19.30
1534477787	379	48.00	19.00
1534478087	384	49.30	18.80
1534478388	381	48.20	19.10
1534478688	384	48.30	19.30
1534478988	385	49.60	19.10
1534479289	379	48.10	19.20
1534479589	379	47.80	19.10
1534479889	384	48.00	19.40
1534480190	381	47.60	19.50
1534480490	378	46.80	19.30
1534480790	377	47.60	19.40
1534481091	385	46.70	19.60
1534481391	379	47.70	19.80
1534481691	378	46.50	19.60
1534481992	382	47.20	19.30
1534482292	381	47.40	19.20
1534482592	384	46.70	19.30
1534482893	386	46.70	19.80
1534483193	386	47.10	19.50
1534483493	384	48.00	19.50
1534483794	380	46.80	19.20
1534484094	380	48.10	20.30
1534484394	382	47.80	20.00
1534484695	384	47.60	20.20
1534484995	382	48.30	19.90
1534485295	381	48.90	19.90
1534485596	386	48.80	20.00
1534485896	378	48.80	20.10
1534486197	387	48.90	20.40
1534486497	380	48.20	20.00
1534486797	379	48.80	20.10
1534487098	387	47.90	20.20
1534487398	379	47.30	20.40
1534487698	387	47.70	20.40
1534487999	384	47.10	20.60
1534488299	384	46.90	20.50
1534488599	387	46.90	20.70
1534488900	384	45.70	20.60
1534489200	385	46.40	20.80
1534489500	387	46.80	21.00
1534489801	384	45.20	21.10
1534490101	388	45.30	21.30
1534490401	380	46.40	21.50
1534490702	381	44.70	21.60
1534491002	384	45.20	21.90
1534491302	389	45.00	21.70
1534491603	387	43.90	22.10
1534491903	384	42.90	22.10
1534492204	385	42.70	22.70
1534492504	388	42.50	22.80
1534492804	389	42.10	22.50
1534493105	384	42.30	23.10
1534493405	384	41.20	23.60
1534493705	386	41.10	23.60
1534494006	384	40.70	23.80
1534494306	390	40.40	23.60
1534494606	388	40.10	24.10
1534494907	388	38.90	24.40
1534495207	387	38.70	24.50
1534495507	388	37.90	24.50
1534495808	387	37.00	24.70
1534496108	391	36.10	25.10
1534496408	389	36.00	25.60
1534496709	389	35.60	25.40
1534497009	389	34.30	25.50
1534497309	392	33.40	25.50
1534497610	388	33.90	25.90
1534497910	389	34.60	26.50
1534498210	389	33.30	26.60
1534498511	389	32.50	27.00
1534498811	389	31.90	27.80
1534499111	391	27.90	34.30
1534499412	386	24.80	36.30
1534499712	394	23.60	36.90
1534500012	391	22.60	37.90
1534500313	394	22.80	38.30
1534500613	392	22.40	38.70
1534500913	394	21.30	39.10
1534501214	390	20.50	39.30
1534501514	392	21.10	39.50
1534501814	392	20.90	38.80
1534502115	393	21.10	36.00
1534502415	396	21.60	35.30
1534502715	393	21.40	35.60
1534503016	393	20.70	36.70
1534503316	394	19.70	38.00
1534503616	397	20.10	38.70
1534503917	397	20.30	40.60
1534504217	400	18.40	42.20
1534504517	398	18.30	41.80
1534504818	400	17.30	43.10
1534505118	394	18.00	43.40
1534505418	394	17.30	43.30
1534505719	394	17.70	42.60
1534506019	397	18.00	43.60
1534506320	398	16.90	44.90
1534506620	398	17.20	43.70
1534506920	400	16.80	42.50
1534507221	401	17.50	43.80
1534507521	400	17.60	45.00
1534507821	401	16.90	45.60
1534508122	404	17.70	45.90
1534508422	398	17.00	46.20
1534508722	404	17.20	43.40
1534509023	403	18.00	43.60
1534509323	404	16.30	44.30
1534509624	403	15.70	45.00
1534509924	406	18.40	44.60
1534510224	400	16.20	44.10
1534510525	405	16.90	43.30
1534510825	402	17.60	43.80
1534511125	406	16.00	45.30
1534511426	402	16.50	44.50
1534511726	403	16.90	43.40
1534512027	408	17.10	42.70
1534512327	408	16.40	43.70
1534512627	403	16.90	44.80
1534512928	406	16.90	44.10
1534513228	405	17.00	44.20
1534513528	404	17.40	43.80
1534513829	408	16.70	43.60
1534514129	404	16.90	43.80
1534514429	411	17.10	43.40
1534514730	410	17.60	43.50
1534515030	412	17.30	42.60
1534515330	410	17.10	42.60
1534515631	412	17.40	43.00
1534515931	410	16.50	42.80
1534516231	408	16.80	43.70
1534516532	406	16.80	43.30
1534516832	410	19.40	39.10
1534517132	413	19.60	37.80
1534517433	408	18.50	36.40
1534517733	412	21.30	36.10
1534518033	406	20.80	34.50
1534518334	406	21.20	34.00
1534518634	412	21.30	33.60
1534518934	405	21.00	33.20
1534519235	405	22.00	32.40
1534519535	406	23.20	32.40
1534519836	405	22.20	31.90
1534520136	405	23.10	31.70
1534520436	405	23.60	31.20
1534520737	411	23.30	31.40
1534521037	408	23.80	31.20
1534521337	406	25.30	31.00
1534521638	404	23.90	30.70
1534521938	404	24.00	30.60
1534522238	405	25.30	30.40
1534522539	411	24.60	30.30
1534522839	408	25.20	30.00
1534523139	410	24.90	30.00
1534523440	406	25.80	29.50
1534523740	406	25.30	29.70
1534524040	404	25.30	29.60
1534524341	406	25.00	29.00
1534524641	405	26.20	29.30
1534524941	409	25.70	29.30
1534525242	404	25.80	29.20
1534525542	410	26.30	29.00
1534525842	409	26.40	28.70
1534526143	405	26.40	28.60
1534526443	412	26.90	28.90
1534526743	411	26.80	28.40
1534527044	412	27.10	28.10
1534527344	411	27.60	27.90
1534527644	405	28.10	27.80
1534527945	406	28.50	27.70
1534528245	408	28.20	27.60
1534528545	406	28.50	27.40
1534528846	410	29.30	27.30
1534529146	412	29.60	26.70
1534529446	405	29.70	27.00
1534529747	405	29.70	27.10
1534530047	408	29.80	27.00
1534530347	411	30.00	26.90
1534530648	408	30.40	26.60
1534530948	410	30.50	26.50
1534531248	411	31.10	26.70
1534531549	405	31.20	26.50
1534531849	408	31.00	26.50
1534532150	412	32.70	26.30
1534532450	408	31.40	26.50
1534532750	408	31.50	26.30
1534533051	408	32.10	26.10
1534533351	413	32.60	25.90
1534533651	411	32.50	26.00
1534533952	412	33.50	25.90
1534534252	412	33.40	25.60
1534534552	411	33.90	25.60
1534534853	412	33.60	25.40
1534535153	408	33.40	25.40
1534535453	408	33.90	25.50
1534535754	408	34.30	25.30
1534536054	411	34.30	25.20
1534536354	408	36.00	25.40
1534536655	406	34.50	25.40
1534536955	414	34.80	25.40
1534537255	412	35.60	25.30
1534537556	406	35.40	25.00
1534537856	408	35.50	25.10
1534538156	412	36.50	25.00
1534538457	414	37.40	25.20
1534538757	408	34.50	24.80
1534539058	412	34.40	24.40
1534539358	408	34.80	24.60
1534539658	408	34.50	24.00
1534539959	409	35.30	23.70
1534540259	414	34.90	23.70
1534540559	410	34.90	23.90
1534540860	408	35.20	24.20
1534541160	410	34.80	23.90
1534541460	411	35.00	24.30
1534541761	412	35.10	24.10
1534542061	413	34.40	24.00
1534542361	412	34.90	23.80
1534542662	410	35.90	23.20
1534542962	411	36.80	22.80
1534543262	411	37.30	22.90
1534543563	413	36.90	23.00
1534543863	413	36.70	22.90
1534544163	410	37.30	22.70
1534544464	410	37.40	22.70
1534544764	408	37.40	22.60
1534545064	410	38.00	22.50
1534545365	413	38.20	22.20
1534545665	410	38.40	22.20
1534545965	412	38.20	22.50
1534546266	413	38.40	22.30
1534546566	413	38.40	22.30
1534546866	412	38.10	22.40
1534547167	414	39.00	22.30
1534547467	413	38.50	22.50
1534547767	415	38.50	22.40
1534548068	414	39.30	21.70
1534548368	413	39.30	22.00
1534548668	413	39.70	21.70
1534548969	415	39.90	21.60
1534549269	413	40.40	21.60
1534549569	411	41.60	21.30
1534549870	417	40.80	21.50
1534550170	414	41.30	21.10
1534550470	417	41.30	21.10
1534550771	416	41.40	21.20
1534551071	409	41.50	21.00
1534551371	414	41.70	20.90
1534551672	416	42.00	20.70
1534551972	417	41.10	20.90
1534552272	412	41.10	20.50
1534552573	417	41.30	20.90
1534552873	415	41.10	20.80
1534553174	414	40.80	20.40
1534553474	412	41.30	20.30
1534553774	417	42.00	20.50
1534554075	418	42.40	20.30
1534554375	410	42.80	20.40
1534554675	412	42.10	20.10
1534554976	412	42.80	20.10
1534555276	412	42.70	20.00
1534555576	413	43.10	19.90
1534555877	414	43.60	19.70
1534556177	410	43.30	19.90
1534556477	410	43.40	19.90
1534556778	411	43.50	19.90
1534557078	416	43.20	20.00
1534557378	414	43.90	19.80
1534557679	415	43.80	19.90
1534557979	416	44.30	19.90
1534558279	415	44.30	19.40
1534558580	410	44.40	20.00
1534558880	413	44.60	19.90
1534559180	413	45.10	19.80
1534559481	411	46.10	19.80
1534559781	413	46.20	19.50
1534560081	411	46.30	19.50
1534560382	412	46.40	19.70
1534560682	415	45.80	19.90
1534560982	411	46.00	19.50
1534561283	420	46.30	19.70
1534561583	414	46.90	19.80
1534561883	413	46.90	19.70
1534562184	418	47.60	19.40
1534562484	411	48.00	19.30
1534562784	413	48.40	19.30
1534563085	414	48.20	19.30
1534563385	412	47.80	19.30
1534563685	421	48.10	19.50
1534563986	415	48.00	19.70
1534564286	411	48.90	19.60
1534564586	412	49.30	19.10
1534564887	416	49.30	19.20
1534565187	417	49.10	19.40
1534565487	415	48.90	19.50
1534565788	416	49.40	19.00
1534566088	413	49.80	19.40
1534566388	415	50.90	19.10
1534566689	417	50.90	19.30
1534566989	421	50.40	19.50
1534567289	422	49.90	19.60
1534567590	412	49.90	19.70
1534567890	414	49.80	19.70
1534568190	412	50.90	19.80
1534568491	416	49.60	19.90
1534568791	415	50.40	19.70
1534569091	423	50.40	19.60
1534569392	422	49.70	20.20
1534569692	423	49.50	19.80
1534569992	412	49.70	20.00
1534570293	344	50.10	20.20
1534570593	354	49.90	20.10
1534570893	340	50.80	20.00
1534571194	350	49.80	20.20
1534571494	343	49.50	20.20
1534571795	340	49.40	20.70
1534572095	344	50.30	20.60
1534572395	353	49.70	20.60
1534572696	358	49.70	20.40
1534572996	351	49.30	20.70
1534573296	352	49.50	20.70
1534573597	354	48.70	20.70
1534573897	343	48.40	21.00
1534574197	354	47.90	20.50
1534574498	344	48.80	20.90
1534574798	344	49.10	20.90
1534575098	345	48.30	21.20
1534575399	343	47.90	21.70
1534575699	353	46.80	21.80
1534575999	349	46.60	22.10
1534576300	360	46.70	22.20
1534576600	349	46.00	22.60
1534576900	350	46.00	22.50
1534577201	360	47.00	22.20
1534577501	353	45.30	22.50
1534577801	355	45.50	22.80
1534578102	350	45.80	22.40
1534578402	354	45.90	22.30
1534578702	357	44.80	22.60
1534579003	354	45.00	22.70
1534579303	349	44.70	23.00
1534579603	350	44.50	22.90
1534579904	353	45.80	22.80
1534580204	350	44.90	23.10
1534580504	357	45.00	23.30
1534580805	356	44.10	23.20
1534581105	353	44.70	23.40
1534581405	349	43.70	23.70
1534581706	349	43.70	24.10
1534582006	361	42.70	24.30
1534582306	357	44.30	24.50
1534582607	349	42.70	24.70
1534582907	352	41.90	24.80
1534583208	361	42.30	25.10
1534583508	350	42.10	25.20
1534583808	350	40.50	25.70
1534584109	349	40.00	25.90
1534584409	357	40.00	26.30
1534584709	353	40.70	25.50
1534585010	358	43.30	24.80
1534585310	362	43.40	24.50
1534585610	355	43.60	24.50
1534585911	355	44.20	24.50
1534586211	361	42.80	24.70
1534586511	354	44.60	24.20
1534586812	356	44.40	24.10
1534587112	363	43.80	24.00
1534587412	352	43.60	24.50
1534587713	357	42.80	24.30
1534588013	354	43.10	24.50
1534588313	365	44.00	24.60
1534588614	363	41.50	25.20
1534588914	361	41.00	25.60
1534589214	366	40.00	26.70
1534589515	355	39.70	27.00
1534589815	363	38.50	27.00
1534590115	364	37.30	27.60
1534590416	365	35.80	28.50
1534590716	360	32.00	31.70
1534591016	358	29.10	33.00
1534591317	365	30.10	33.00
1534591617	372	29.50	33.50
1534591917	366	32.00	31.10
1534592218	368	32.60	32.70
1534592521	370	30.40	32.60
1534592821	373	27.80	35.80
1534593121	367	28.10	36.30
1534593422	366	25.70	37.50
1534593722	365	26.60	36.50
1534594022	368	26.30	38.60
1534594323	374	25.70	40.10
1534594623	370	22.80	40.10
1534594923	374	23.50	40.10
1534595224	379	24.30	40.00
1534595524	385	24.50	40.60
1534595824	382	23.60	40.20
1534596125	382	24.60	40.00
1534596425	380	22.70	40.60
1534596725	386	23.50	40.90
1534597026	379	22.30	41.20
1534597326	390	22.90	41.20
1534597626	384	23.80	41.60
1534597927	390	23.50	41.60
1534598227	386	21.40	41.20
1534598527	389	21.80	41.20
1534598828	382	21.80	41.60
1534599128	382	21.10	41.60
1534599428	392	23.30	40.60
1534599729	384	23.30	41.40
1534600029	385	22.80	42.10
1534600329	386	20.70	41.40
1534600630	392	22.10	40.30
1534600930	394	22.30	40.70
1534601230	391	23.90	40.60
1534601531	386	21.30	41.20
1534601831	396	24.80	40.50
1534602131	391	20.60	41.70
1534602432	386	21.00	41.80
1534602732	396	21.20	42.00
1534603032	388	19.30	40.90
1534603333	391	21.60	37.10
1534603633	389	24.80	36.00
1534603933	398	23.10	35.60
1534604234	401	23.80	34.60
1534604534	399	26.00	33.40
1534604834	401	27.90	32.40
1534605135	394	27.10	31.60
1534605435	391	27.70	31.30
1534605735	392	27.90	31.00
1534606036	401	29.00	29.90
1534606336	402	28.80	29.80
1534606636	399	28.50	30.00
1534606937	399	30.90	29.80
1534607237	400	29.40	29.50
1534607538	397	30.10	29.00
1534607838	399	30.50	28.90
1534608138	402	29.30	28.70
1534608439	400	29.70	28.60
1534608739	394	31.00	28.60
1534609039	393	30.60	28.60
1534609340	402	31.10	28.60
1534609640	394	31.20	28.60
1534609940	396	31.90	28.30
1534610241	401	33.50	28.40
1534610541	393	33.00	28.30
1534610841	399	31.70	28.20
1534611142	400	32.10	28.10
1534611442	393	31.40	28.00
1534611742	397	32.50	27.80
1534612043	392	33.40	27.90
1534612343	403	32.00	27.80
1534612643	401	32.00	27.70
1534612944	393	33.00	27.60
1534613244	396	33.90	27.60
1534613544	393	35.10	27.40
1534613845	403	34.30	27.40
1534614145	402	34.40	27.40
1534614445	393	35.10	27.20
1534614746	399	35.20	27.20
1534615046	399	37.40	27.10
1534615346	394	35.20	26.70
1534615647	397	35.80	26.90
1534615947	399	34.30	27.00
1534616247	396	36.40	26.70
1534616548	393	36.40	26.80
1534616848	394	36.20	26.50
1534617148	405	36.70	26.50
1534617449	394	36.40	26.30
1534617749	398	38.60	26.30
1534618050	396	37.00	26.10
1534618350	404	37.20	26.10
1534618650	398	38.50	25.90
1534618951	404	38.00	25.50
1534619251	402	38.90	25.80
1534619552	394	38.90	25.80
1534619852	398	38.20	26.00
1534620153	404	38.40	25.70
1534620453	397	39.60	25.60
1534620753	394	39.90	25.60
1534621054	404	40.70	25.40
1534621354	402	38.80	25.10
1534621654	396	39.30	25.40
1534621955	403	40.00	25.30
1534622255	394	39.70	25.20
1534622555	405	39.60	24.70
1534622856	403	39.70	25.10
1534623156	398	39.40	25.00
1534623456	397	40.00	25.10
1534623757	403	39.80	25.00
1534624057	402	38.90	24.90
1534624358	405	39.50	24.90
1534624658	401	39.60	24.70
1534624958	398	39.30	24.70
1534625259	401	39.80	24.70
1534625559	400	39.80	24.60
1534625859	404	39.90	24.50
1534626160	397	39.60	24.40
1534626460	394	40.60	24.30
1534626760	396	40.50	24.30
1534627061	396	40.30	24.20
1534627361	398	41.60	24.20
1534627661	396	40.80	24.30
1534627962	405	40.80	24.30
1534628262	401	40.50	24.10
1534628562	404	41.20	24.20
1534628863	396	40.60	24.20
1534629163	403	41.40	23.90
1534629463	406	42.30	23.70
1534629764	405	41.40	23.80
1534630064	400	42.00	24.00
1534630364	398	41.50	23.60
1534630665	405	42.10	23.50
1534630965	396	41.90	23.50
1534631265	405	42.60	23.40
1534631566	399	42.80	23.10
1534631866	406	42.60	23.40
1534632167	404	41.80	23.30
1534632467	405	42.50	22.80
1534632767	403	42.20	23.30
1534633068	406	43.00	23.10
1534633368	406	42.40	23.00
1534633668	400	42.50	23.00
1534633969	400	43.20	22.70
1534634269	397	43.60	22.80
1534634569	400	43.20	22.80
1534634870	400	43.90	22.70
1534635170	404	43.50	22.50
1534635470	406	44.80	22.70
1534635771	404	44.20	22.10
1534636071	397	45.10	21.90
1534636371	401	46.00	22.00
1534636672	406	44.50	22.10
1534636972	408	45.00	22.30
1534637272	404	44.40	22.20
1534637573	401	44.50	22.40
1534637873	400	44.70	22.20
1534638173	408	44.70	21.90
1534638474	404	45.20	22.00
1534638774	401	45.60	21.90
1534639074	401	45.20	21.90
1534639375	405	44.60	21.40
1534639675	403	45.30	21.80
1534639975	398	45.40	21.90
1534640276	398	44.80	21.80
1534640576	404	45.00	21.60
1534640876	403	46.00	21.50
1534641177	398	46.60	21.20
1534641477	401	46.60	21.10
1534641777	408	46.50	20.90
1534642078	408	46.70	20.80
1534642378	399	47.20	21.00
1534642678	397	46.10	21.20
1534642979	406	46.80	20.80
1534643279	396	47.40	21.20
1534643579	405	47.00	20.90
1534643880	401	46.20	20.60
1534644180	408	46.50	21.00
1534644480	397	47.40	21.10
1534644781	400	46.80	20.70
1534645081	400	46.00	20.70
1534645381	405	46.70	21.00
1534645682	409	46.50	20.60
1534645982	398	46.80	20.70
1534646282	405	46.70	20.70
1534646583	405	46.60	20.70
1534646883	402	46.50	20.90
1534647183	406	46.30	20.90
1534647484	400	46.50	21.00
1534647784	400	45.90	20.90
1534648085	405	46.60	20.80
1534648385	401	47.20	20.70
1534648685	409	46.90	20.20
1534648985	403	47.50	20.30
1534649286	401	47.10	20.20
1534649586	398	47.80	20.30
1534649886	402	47.70	20.20
1534650187	408	48.10	20.30
1534650487	402	48.00	20.30
1534650787	398	48.00	20.30
1534651088	408	48.00	20.40
1534651388	399	48.10	20.50
1534651688	408	47.80	20.20
1534651989	402	48.10	20.50
1534652289	402	47.60	20.40
1534652589	401	47.90	20.40
1534652890	398	48.30	20.40
1534653190	401	48.40	20.30
1534653490	401	48.70	20.20
1534653791	399	48.90	20.50
1534654091	410	48.80	20.20
1534654391	405	49.00	20.30
1534654692	401	48.80	20.30
1534654992	400	49.10	20.30
1534655293	403	49.60	20.00
1534655593	410	50.10	19.80
1534655893	411	51.50	19.50
1534656193	399	51.00	19.80
1534656494	408	50.40	20.10
1534656794	410	49.80	20.40
1534657095	399	50.80	20.10
1534657395	411	50.20	20.20
1534657695	408	51.30	19.70
1534657996	402	51.70	19.90
1534658296	402	50.30	20.20
1534658596	406	50.10	20.00
1534658897	402	49.60	20.50
1534659197	404	49.20	20.30
1534659497	400	49.20	20.70
1534659798	401	48.80	20.80
1534660098	400	48.40	20.70
1534660398	400	48.90	20.90
1534660699	403	48.10	20.80
1534660999	406	48.60	21.10
1534661299	403	48.40	21.10
1534661600	408	47.70	21.20
1534661900	400	47.80	21.50
1534662200	409	46.40	21.40
1534662501	401	46.50	21.50
1534662801	402	46.70	21.60
1534663101	401	46.50	22.00
1534663402	403	46.00	21.90
1534663702	410	45.90	21.90
1534664002	406	45.50	22.30
1534664303	401	44.70	22.60
1534664603	404	44.10	22.90
1534664904	402	44.90	22.80
1534665204	411	44.00	23.20
1534665504	405	43.50	23.10
1534665805	403	43.60	23.30
1534666105	404	43.60	23.50
1534666405	404	43.30	23.80
1534666706	405	42.70	23.90
1534667006	411	43.70	24.10
1534667306	402	42.10	24.30
1534667607	406	42.10	24.80
1534667907	405	40.80	24.70
1534668207	412	39.80	24.80
1534668508	413	39.60	25.00
1534668808	404	38.70	25.40
1534669108	411	38.00	25.60
1534669409	412	37.70	25.90
1534669709	406	38.00	26.20
1534670009	406	36.90	26.10
1534670310	412	36.90	26.30
1534670610	413	36.80	26.50
1534670910	409	35.90	27.20
1534671211	417	35.80	27.50
1534671511	417	33.70	28.10
1534671812	417	28.90	34.20
1534672112	420	27.20	36.60
1534672412	406	25.50	36.40
1534672713	417	25.40	37.00
1534673013	415	25.70	37.00
1534673314	417	25.10	37.30
1534673614	416	24.80	37.90
1534673914	423	24.20	38.40
1534674215	418	24.90	38.70
1534674515	410	24.50	37.40
1534674815	414	24.90	36.50
1534675116	410	25.20	34.60
1534675416	413	26.50	33.90
1534675716	422	24.90	35.70
1534676017	412	23.60	36.60
1534676317	413	23.40	37.00
1534676617	414	23.10	38.00
1534676918	414	22.40	39.00
1534677218	418	21.60	39.60
1534677519	417	21.30	40.60
1534677819	422	23.00	41.90
1534678119	416	20.80	43.30
1534678420	418	19.60	43.60
1534678720	414	22.40	44.40
1534679020	424	18.50	44.60
1534679321	427	19.60	42.70
1534679621	423	19.50	43.10
1534679922	426	19.10	43.20
1534680222	423	20.00	42.90
1534680522	415	22.20	41.10
1534680823	427	20.80	38.20
1534681123	423	22.60	36.20
1534681423	421	22.90	35.70
1534681724	428	22.40	35.60
1534682024	426	20.90	35.70
1534682324	417	21.80	35.40
1534682625	427	21.50	35.10
1534682925	421	21.60	34.80
1534683225	426	21.50	35.70
1534683526	427	21.20	35.30
1534683826	424	20.80	35.60
1534684126	425	20.20	35.70
1534684427	425	22.90	35.40
1534684727	416	22.10	34.80
1534685027	423	22.30	35.00
1534685328	423	24.40	34.60
1534685628	427	23.60	34.90
1534685928	427	23.10	35.00
1534686229	417	24.50	35.10
1534686529	427	23.60	35.00
1534686829	423	24.00	34.90
1534687130	422	23.80	34.80
1534687430	421	23.30	34.50
1534687730	426	23.50	34.30
1534688031	418	22.90	33.80
1534688331	427	22.50	33.40
1534688631	422	23.10	32.90
1534688932	422	23.60	33.10
1534689232	417	24.20	33.10
1534689532	423	23.90	33.20
1534689833	426	23.70	32.80
1534690133	417	23.90	32.60
1534690433	346	24.30	32.70
1534690734	344	23.90	32.60
1534691034	353	24.60	32.40
1534691334	351	24.20	32.10
1534691635	363	24.70	31.90
1534691935	361	23.70	32.00
1534692235	361	26.90	31.90
1534692536	360	26.20	31.70
1534692836	357	25.40	31.40
1534693136	366	28.50	30.80
1534693437	360	27.60	30.60
1534693737	360	27.90	29.90
1534694037	357	28.60	29.90
1534694338	357	28.60	29.60
1534694638	358	28.40	29.40
1534694938	367	28.40	29.20
1534695239	364	28.90	29.30
1534695539	365	29.40	29.00
1534695839	364	28.90	29.10
1534696140	368	29.30	29.10
1534696441	368	29.40	28.60
1534696741	364	29.30	28.10
1534697041	369	28.10	28.60
1534697342	362	28.40	28.70
1534697642	367	28.80	28.60
1534697942	366	29.40	28.50
1534698243	363	29.50	28.30
1534698543	372	30.20	28.40
1534698843	375	29.40	28.30
1534699144	376	29.10	28.50
1534699444	367	27.60	28.70
1534699744	368	31.60	28.60
1534700045	373	29.60	28.70
1534700345	376	31.70	28.60
1534700645	374	28.90	28.60
1534700946	368	29.10	28.50
1534701246	373	33.30	28.30
1534701546	376	29.80	28.30
1534701846	367	30.50	28.20
1534702147	367	31.10	28.10
1534702447	365	32.70	27.90
1534702747	373	31.50	27.90
1534703048	369	34.30	27.90
1534703348	366	31.30	27.50
1534703648	373	31.20	27.70
1534703949	366	31.40	27.70
1534704249	370	31.70	27.50
1534704549	366	31.50	27.40
1534704850	370	35.00	27.20
1534705150	367	32.70	27.20
1534705450	374	35.30	27.00
1534705751	367	34.60	27.00
1534706051	370	33.80	26.60
1534706351	378	32.40	27.00
1534706652	367	34.80	26.60
1534706952	370	34.90	26.70
1534707252	375	34.70	26.60
1534707553	378	34.90	26.60
1534707853	376	33.10	26.60
1534708154	377	34.60	26.50
1534708454	367	36.50	26.40
1534708754	370	33.40	26.30
1534709055	373	34.60	26.30
1534709355	376	33.20	26.20
1534709655	374	34.10	26.10
1534709956	377	34.50	26.20
1534710256	374	35.80	26.10
1534710556	375	34.80	26.00
1534710857	372	35.50	26.00
1534711157	380	38.00	25.80
1534711457	373	35.80	25.80
1534711758	376	34.30	25.80
1534712058	374	36.00	25.70
1534712358	369	36.00	25.50
1534712659	377	34.80	25.30
1534712959	376	35.50	25.30
1534713260	381	36.40	25.40
1534713560	376	35.40	25.40
1534713860	381	35.70	25.30
1534714161	379	35.60	25.20
1534714461	372	38.30	25.10
1534714761	372	36.80	25.00
1534715062	375	35.80	25.20
1534715362	381	37.30	25.10
1534715662	372	37.30	24.90
1534715963	384	38.60	25.10
1534716263	373	37.20	25.30
1534716563	374	37.20	25.00
1534716864	377	37.00	25.00
1534717164	378	36.90	24.90
1534717464	379	37.30	24.80
1534717765	382	36.70	24.60
1534718065	375	38.50	24.70
1534718365	376	37.40	24.60
1534718666	373	37.30	24.60
1534718966	374	37.60	24.50
1534719266	373	37.60	24.50
1534719567	379	37.50	24.20
1534719867	379	37.50	24.10
1534720168	382	37.20	24.00
1534720468	384	38.90	23.90
1534720768	375	37.70	23.90
1534721069	376	37.30	24.20
1534721369	381	37.70	24.00
1534721669	380	37.40	23.30
1534721970	376	38.00	23.60
1534722270	374	37.70	23.60
1534722570	381	39.20	23.60
1534722871	374	38.00	23.60
1534723171	377	38.70	23.50
1534723471	374	39.00	23.60
1534723772	384	39.60	23.50
1534724072	384	38.20	23.50
1534724372	377	38.60	23.50
1534724673	385	38.30	23.50
1534724973	374	38.20	23.50
1534725273	381	38.50	23.00
1534725574	374	39.20	22.90
1534725874	381	38.50	23.10
1534726174	385	38.80	22.80
1534726475	375	40.40	22.70
1534726775	384	40.00	22.70
1534727075	374	39.60	22.50
1534727376	377	40.20	22.80
1534727676	378	40.20	22.80
1534727976	384	39.70	23.20
1534728277	376	39.90	22.70
1534728577	386	40.60	22.20
1534728877	385	40.60	22.60
1534729178	386	40.70	22.80
1534729478	376	41.30	22.10
1534729778	378	41.50	22.40
1534730079	376	40.80	22.60
1534730379	384	41.10	22.70
1534730679	382	40.60	22.50
1534730980	378	41.30	22.50
1534731280	379	41.20	22.20
1534731580	386	42.00	22.00
1534731881	377	41.60	22.10
1534732181	384	42.50	21.70
1534732481	386	42.60	21.40
1534732782	386	43.90	21.10
1534733082	381	42.90	21.50
1534733382	376	42.90	21.70
1534733683	382	42.30	21.30
1534733983	378	42.90	21.30
1534734283	379	42.60	21.30
1534734584	386	42.50	21.50
1534734884	379	42.20	21.70
1534735184	387	42.50	21.00
1534735485	377	42.60	21.60
1534735785	387	41.70	20.90
1534736085	388	42.00	21.50
1534736386	379	41.80	21.60
1534736686	384	41.20	21.70
1534736986	384	42.50	21.70
1534737287	380	41.00	21.80
1534737587	386	41.30	21.50
1534737888	377	42.60	21.30
1534738188	387	42.00	21.40
1534738488	381	42.20	21.20
1534738789	379	42.50	21.20
1534739089	382	42.20	21.40
1534739389	378	41.90	21.40
1534739690	385	41.90	21.40
1534739990	379	42.60	21.60
1534740290	378	42.50	21.20
1534740591	382	42.30	21.40
1534740891	379	42.70	21.50
1534741191	379	42.70	21.20
1534741491	379	42.70	21.50
1534741792	381	42.30	21.60
1534742092	379	42.20	21.70
1534742393	388	42.70	21.40
1534742693	385	42.80	21.30
1534742993	386	43.30	21.20
1534743294	379	42.70	21.40
1534743594	387	42.70	21.50
1534743894	390	42.70	21.50
1534744194	387	42.50	21.80
1534744495	381	42.00	21.90
1534744795	379	42.60	21.50
1534745096	388	42.60	21.60
1534745396	387	42.20	21.80
1534745696	391	42.90	21.30
1534745997	380	42.40	21.60
1534746297	393	42.70	21.50
1534746597	384	42.50	21.60
1534746898	388	43.00	21.50
1534747198	391	42.30	22.00
1534747498	384	41.50	22.20
1534747799	388	41.80	22.30
1534748099	388	41.50	22.00
1534748399	391	41.00	22.70
1534748700	386	40.00	22.30
1534749000	386	40.70	22.80
1534749300	381	40.40	23.10
1534749601	394	39.80	22.90
1534749901	386	40.00	23.20
1534750201	381	39.40	23.30
1534750502	382	38.40	23.30
1534750802	391	37.30	23.60
1534751102	385	37.60	23.90
1534751403	396	35.30	24.20
1534751703	391	36.60	24.20
1534752003	388	35.70	24.40
1534752304	393	34.50	24.70
1534752604	394	34.00	24.80
1534752904	389	34.70	24.70
1534753205	393	33.80	24.80
1534753505	386	33.70	25.00
1534753805	393	33.60	25.10
1534754106	397	33.70	25.60
1534754408	391	32.70	25.70
1534754708	393	32.90	26.00
1534755009	392	31.80	26.20
1534755309	387	31.50	26.20
1534755609	389	31.20	26.50
1534755910	396	30.30	26.70
1534756210	397	30.50	26.90
1534756510	399	28.90	27.20
1534756811	393	29.10	27.40
1534757111	402	29.20	27.60
1534757411	392	28.00	27.60
1534757712	398	28.10	28.70
1534758012	402	26.10	31.60
1534758312	394	24.20	35.00
1534758613	403	23.60	36.00
1534758913	403	22.40	37.20
1534759213	402	21.70	37.00
1534759514	403	21.50	37.10
1534759814	401	21.70	36.70
1534760114	396	21.80	37.00
1534760415	398	22.10	36.20
1534760715	396	23.40	36.50
1534761015	396	21.40	36.90
1534761316	406	23.40	34.80
1534761616	404	22.80	33.90
1534761916	400	24.20	34.40
1534762217	405	22.80	35.20
1534762517	398	22.20	35.90
1534762817	404	21.30	36.00
1534763118	399	21.00	36.90
1534763418	408	20.70	37.80
1534763719	403	20.30	38.40
1534764019	405	19.90	40.20
1534764319	400	20.00	41.20
1534764620	399	19.80	42.30
1534764920	402	19.80	43.30
1534765220	411	18.70	43.90
1534765521	405	18.00	43.50
1534765821	403	19.60	43.60
1534766121	405	19.40	44.10
1534766422	412	18.60	43.80
1534766722	404	19.10	44.10
1534767022	403	18.90	44.30
1534767323	404	17.90	43.50
1534767623	410	20.10	43.70
1534767923	410	19.60	44.30
1534768224	414	17.90	45.00
1534768524	404	17.30	45.00
1534768824	411	18.60	43.90
1534769125	413	18.10	45.40
1534769425	415	18.60	45.00
1534769725	414	17.30	43.80
1534770026	412	17.40	44.80
1534770326	411	19.50	44.60
1534770626	414	17.30	44.20
1534770927	409	17.50	44.80
1534771227	422	17.70	43.40
1534771527	422	20.00	42.90
1534771828	423	18.40	43.30
1534772128	417	17.40	44.20
1534772428	414	18.30	42.70
1534772729	412	18.20	42.30
1534773029	413	17.60	43.50
1534773329	413	18.30	43.30
1534773630	415	17.40	43.00
1534773930	412	18.10	41.00
1534774230	413	19.10	39.60
1534774531	424	18.90	41.60
1534774831	415	19.00	43.20
1534775131	426	17.80	43.10
1534775432	424	19.10	43.30
1534775732	413	19.00	43.00
1534776032	418	19.20	43.90
1534776333	422	18.70	42.90
1534776633	416	19.70	42.30
1534776933	414	18.60	40.80
1534777234	424	22.70	36.00
1534777534	413	23.40	34.20
1534777834	413	24.00	33.50
1534778135	424	24.90	33.40
1534778435	424	24.70	32.80
1534778735	415	25.80	32.60
1534779036	413	26.80	31.80
1534779336	413	26.20	31.80
1534779636	418	26.30	31.80
1534779937	414	27.00	31.60
1534780237	421	26.40	31.40
1534780538	423	26.30	31.30
1534780838	415	26.10	31.00
1534781138	414	26.90	30.80
1534781439	413	27.50	30.70
1534781739	412	27.20	30.50
1534782039	421	27.00	30.60
1534782340	413	27.50	30.30
1534782640	422	27.10	30.20
1534782940	415	26.80	30.10
1534783241	422	28.70	29.90
1534783541	415	27.90	29.90
1534783841	413	27.70	29.80
1534784142	423	27.80	29.70
1534784442	414	26.80	29.60
1534784742	415	28.30	29.70
1534785043	416	28.90	29.60
1534785343	415	27.60	29.70
1534785643	417	27.60	29.40
1534785944	422	28.10	29.20
1534786244	415	29.00	29.20
1534786544	423	27.90	29.10
1534786845	422	28.40	29.00
1534787145	422	27.10	28.40
1534787445	415	28.70	28.40
1534787746	423	29.00	28.60
1534788046	422	28.90	28.10
1534788346	349	29.60	28.50
1534788647	353	29.30	28.60
1534788947	355	31.10	28.20
1534789247	353	29.90	28.00
1534789548	364	30.00	28.00
1534789848	356	32.30	28.00
1534790148	358	31.70	27.80
1534790449	366	28.90	27.70
1534790749	364	29.90	27.60
1534791049	365	30.10	27.60
1534791350	361	29.70	27.50
1534791650	360	30.00	27.70
1534791950	356	29.10	27.40
1534792251	365	30.00	27.40
1534792551	363	31.40	27.20
1534792851	357	31.10	27.10
1534793152	360	30.00	27.10
1534793452	365	31.70	26.70
1534793752	361	30.10	27.00
1534794053	364	30.80	26.90
1534794353	370	31.10	26.80
1534794653	368	32.90	26.70
1534794954	368	31.00	26.60
1534795254	368	31.00	26.40
1534795554	374	31.30	26.40
1534795855	370	32.90	26.40
1534796155	368	31.00	26.10
1534796455	374	32.50	26.10
1534796756	363	31.50	25.90
1534797056	374	31.80	26.00
1534797356	365	32.60	25.90
1534797657	365	32.50	25.90
1534797957	375	31.90	25.70
1534798257	366	31.80	25.60
1534798558	373	31.80	25.10
1534798858	370	32.80	25.60
1534799158	377	32.50	25.70
1534799459	364	32.00	25.50
1534799759	368	33.10	25.40
1534800059	365	34.60	25.40
1534800360	374	34.00	25.20
1534800660	369	33.90	25.40
1534800960	376	33.00	25.10
1534801261	375	33.80	25.10
1534801561	367	33.20	24.90
1534801861	367	32.90	24.70
1534802162	375	33.60	24.70
1534802462	377	36.20	24.80
1534802762	367	34.70	24.60
1534803063	368	35.20	24.20
1534803363	377	34.30	24.50
1534803663	376	36.20	24.30
1534803964	377	34.80	24.60
1534804264	368	35.40	24.50
1534804564	376	38.00	24.50
1534804865	380	35.20	24.30
1534805165	376	36.50	24.30
1534805466	373	36.10	24.20
1534805766	379	35.20	24.00
1534806066	381	36.60	24.20
1534806367	368	36.90	24.20
1534806667	378	36.70	24.20
1534806967	368	36.60	24.20
1534807268	382	36.00	24.30
1534807568	373	36.40	23.70
1534807868	372	38.30	24.20
1534808169	380	35.10	23.90
1534808469	374	36.30	23.90
1534808769	374	37.80	23.80
1534809070	378	39.50	23.90
1534809370	372	37.60	23.80
1534809670	381	37.30	23.70
1534809971	379	37.10	23.60
1534810271	376	37.70	23.50
1534810572	375	37.30	23.40
1534810872	381	38.30	23.40
1534811172	375	37.30	23.20
1534811473	373	38.70	23.30
1534811773	375	38.00	23.30
1534812073	384	38.50	23.30
1534812374	381	37.50	23.30
1534812674	376	39.20	23.30
1534812974	384	37.50	23.10
1534813275	375	38.50	22.70
1534813575	376	38.80	22.70
1534813875	374	39.00	22.90
1534814176	374	39.00	22.90
1534814476	376	39.00	22.90
1534814776	377	39.70	22.90
1534815077	379	39.90	22.90
1534815377	384	40.60	22.80
1534815677	380	39.70	22.50
1534815978	384	39.40	22.60
1534816278	374	40.70	22.50
1534816578	380	40.00	22.70
1534816879	384	40.00	22.70
1534817179	382	41.40	22.60
1534817479	374	40.50	22.60
1534817780	386	41.10	22.50
1534818080	378	41.30	22.00
1534818380	384	41.80	22.20
1534818681	376	41.60	22.30
1534818981	378	41.60	22.40
1534819281	387	40.90	22.40
1534819582	378	41.50	22.50
1534819882	385	41.00	22.10
1534820182	378	41.50	21.90
1534820483	379	41.40	22.10
1534820783	377	42.20	22.10
1534821084	382	41.80	21.60
1534821384	386	41.90	21.70
1534821684	378	42.40	21.70
1534821985	384	43.60	21.90
1534822285	382	42.10	21.90
1534822585	380	42.40	21.90
1534822886	386	44.00	22.00
1534823186	385	44.30	21.80
1534823486	379	42.80	22.10
1534823787	377	43.90	21.50
1534824087	378	42.80	21.40
1534824387	381	43.30	21.30
1534824688	386	44.20	21.00
1534824988	382	44.60	21.10
1534825288	387	44.30	21.10
1534825589	381	43.80	21.50
1534825889	381	44.30	21.30
1534826189	381	44.20	21.30
1534826490	387	45.50	21.00
1534826790	377	44.40	21.10
1534827090	381	44.90	21.30
1534827391	381	45.10	21.00
1534827691	381	44.50	21.20
1534827991	389	44.30	21.20
1534828292	386	44.50	21.20
1534828592	387	44.00	21.10
1534828892	388	45.80	20.60
1534829193	389	44.80	20.90
1534829493	386	45.00	20.90
1534829793	379	45.60	20.60
1534830094	390	46.60	21.00
1534830394	388	44.70	21.10
1534830694	379	45.10	21.40
1534830995	378	44.50	21.60
1534831295	382	44.70	21.60
1534831595	381	44.00	21.80
1534831896	384	44.10	21.80
1534832196	389	44.10	21.70
1534832496	381	44.60	21.80
1534832797	382	44.40	21.80
1534833098	390	44.10	21.90
1534833399	392	44.10	22.00
1534833699	385	44.50	22.10
1534833999	384	43.50	22.10
1534834300	382	45.20	22.20
1534834600	384	43.80	22.30
1534834900	392	42.90	22.50
1534835201	388	45.70	22.40
1534835501	392	44.30	22.70
1534835801	393	43.60	23.10
1534836102	384	43.50	23.20
1534836402	394	42.90	23.30
1534836702	385	42.90	23.40
1534837003	387	43.50	23.40
1534837303	390	41.80	23.70
1534837603	396	41.70	23.80
1534837904	389	41.60	24.10
1534838204	386	41.00	24.20
1534838504	396	40.80	24.30
1534838805	393	40.60	24.40
1534839105	387	40.60	24.70
1534839405	397	39.90	24.80
1534839706	393	40.00	25.30
1534840006	389	40.10	25.10
1534840306	396	39.40	25.30
1534840607	393	39.40	25.60
1534840907	399	38.30	25.80
1534841207	392	38.30	26.10
1534841508	391	37.60	26.20
1534841808	400	37.50	26.40
1534842109	390	36.80	26.70
1534842409	399	36.80	26.90
1534842709	391	36.80	27.00
1534843010	398	36.70	27.60
1534843310	394	36.90	27.70
1534843610	396	35.40	28.20
1534843911	393	34.50	28.60
1534844211	393	33.80	29.30
1534844511	400	28.10	35.50
1534844812	403	26.70	36.90
1534845112	400	25.70	37.80
1534845412	397	25.40	37.80
1534845713	396	24.70	37.80
1534846013	402	24.70	37.50
1534846313	405	25.10	38.00
1534846614	405	25.20	37.50
1534846914	405	26.10	36.10
1534847214	405	25.20	35.20
1534847515	403	26.20	34.30
1534847815	401	26.10	34.30
1534848115	408	27.40	34.30
1534848416	396	25.20	35.30
1534848716	401	24.80	35.70
1534849016	405	24.50	36.00
1534849317	404	24.40	36.60
1534849617	401	22.90	38.00
1534849917	401	22.20	39.20
1534850218	402	22.30	41.20
1534850518	402	20.80	42.20
1534850818	401	20.80	42.90
1534851119	400	20.40	43.60
1534851419	401	19.90	44.20
1534851719	402	20.10	43.70
1534852020	401	20.20	44.90
1534852320	403	19.50	44.70
1534852620	403	18.90	44.30
1534852921	402	19.50	44.90
1534853221	403	19.60	45.10
1534853521	413	20.30	44.90
1534853822	404	19.60	45.40
1534854122	412	19.50	45.50
1534854422	414	18.50	45.30
1534854723	414	19.10	43.60
1534855023	405	18.80	44.80
1534855323	408	18.40	45.70
1534855624	412	18.50	45.30
1534855924	405	18.40	45.60
1534856224	414	18.80	45.70
1534856525	416	17.80	46.40
1534856825	409	17.40	46.20
1534857125	409	18.00	46.10
1534857426	413	18.60	46.30
1534857726	415	17.70	46.60
1534858026	409	17.60	46.80
1534858327	412	18.10	46.30
1534858627	422	17.70	45.60
1534858927	410	17.80	44.60
1534859228	417	18.40	44.60
1534859528	423	18.10	44.90
1534859828	413	17.90	45.70
1534860129	422	17.50	45.00
1534860429	412	17.60	45.40
1534860730	422	16.70	45.60
1534861030	422	17.70	45.10
1534861330	411	17.50	43.70
1534861631	424	18.50	44.80
1534861931	413	17.90	45.00
1534862231	412	17.30	44.70
1534862532	422	17.10	44.80
1534862832	423	17.90	43.70
1534863132	422	18.20	43.30
1534863433	416	18.70	41.00
1534863733	412	21.00	37.40
1534864033	425	21.10	35.90
1534864334	417	22.30	35.20
1534864634	418	22.80	34.70
1534864934	423	23.60	33.70
1534865235	417	24.00	33.20
1534865535	417	24.50	33.30
1534865835	413	24.80	33.10
1534866136	413	24.70	32.90
1534866436	414	25.50	32.60
1534866736	412	24.90	32.50
1534867037	420	25.50	32.10
1534867337	417	25.30	32.00
1534867637	422	25.60	32.00
1534867938	415	25.30	31.50
1534868238	415	26.00	31.60
1534868539	423	26.50	31.20
1534868839	416	26.30	31.00
1534869139	414	26.30	30.90
1534869440	414	26.50	30.70
1534869740	424	27.00	30.50
1534870040	423	26.50	30.60
1534870341	424	26.90	30.30
1534870641	414	26.60	30.30
1534870941	413	26.10	30.30
1534871242	424	27.10	30.40
1534871542	421	26.30	29.80
1534871842	415	27.10	29.90
1534872143	421	27.20	29.80
1534872443	424	27.40	29.70
1534872744	413	27.00	29.50
1534873044	423	28.80	29.30
1534873345	416	27.70	29.30
1534873645	422	28.40	29.20
1534873945	421	27.70	29.20
1534874246	414	28.30	29.20
1534874546	426	28.20	29.00
1534874846	413	28.60	29.00
1534875147	422	28.80	28.80
1534875447	425	28.80	28.60
1534875747	414	29.70	28.70
1534876048	418	29.30	28.70
1534876348	416	29.40	28.50
1534876648	415	29.50	28.40
1534876949	425	29.60	27.80
1534877249	423	30.60	28.50
1534877549	417	30.00	28.40
1534877850	418	30.20	28.30
1534878150	421	31.20	28.10
1534878450	422	30.80	28.20
1534878751	415	30.60	28.10
1534879051	413	30.20	28.00
1534879352	416	30.80	28.10
1534879652	414	30.50	27.70
1534879952	413	31.40	28.00
1534880253	413	30.90	27.60
1534880553	414	31.20	27.40
1534880854	415	31.20	27.30
1534881154	414	33.10	27.40
1534881454	415	32.60	27.50
1534881755	413	32.00	27.10
1534882055	422	32.70	27.10
1534882355	426	32.30	27.20
1534882656	424	31.90	26.80
1534882956	427	32.50	26.70
1534883256	416	33.20	26.80
1534883557	416	33.90	26.50
1534883857	423	33.40	26.60
1534884157	426	33.80	26.90
1534884458	426	33.20	26.30
1534884758	416	32.70	26.30
1534885058	414	33.00	26.20
1534885359	416	33.60	25.90
1534885659	415	33.60	25.70
1534885959	423	33.20	25.80
1534886260	427	33.90	25.80
1534886560	420	33.60	25.50
1534886860	414	33.10	26.00
1534887161	416	33.90	25.80
1534887461	424	34.00	25.80
1534887761	415	33.90	25.40
1534888062	418	35.30	25.60
1534888362	415	34.40	25.60
1534888662	416	34.90	25.60
1534888963	416	34.40	25.60
1534889263	420	34.80	25.30
1534889563	416	35.20	25.40
1534889864	424	35.50	25.30
1534890164	426	35.30	25.20
1534890464	414	35.20	25.00
1534890765	424	36.00	25.70
1534891065	416	35.70	25.30
1534891366	415	36.50	25.20
1534891666	415	37.30	25.10
1534891966	422	37.30	25.00
1534892267	423	38.30	25.00
1534892567	424	37.90	24.90
1534892867	422	38.50	24.80
1534893168	416	38.40	24.90
1534893468	417	38.50	24.60
1534893768	427	39.50	24.30
1534894069	421	39.60	24.40
1534894369	427	40.00	24.70
1534894669	426	39.10	24.40
1534894970	415	39.10	24.50
1534895270	418	39.30	24.50
1534895570	428	39.50	24.30
1534895871	427	38.70	24.10
1534896171	421	38.20	24.10
1534896471	417	38.60	24.10
1534896772	417	38.40	24.10
1534897072	425	38.40	24.00
1534897372	415	39.00	23.80
1534897673	426	38.70	23.80
1534897973	416	39.10	23.90
1534898273	422	38.90	23.80
1534898574	416	38.90	23.40
1534898874	420	39.30	23.80
1534899174	428	39.90	23.60
1534899475	416	40.50	23.40
1534899775	427	40.00	23.30
1534900075	420	40.30	23.40
1534900376	427	40.20	23.30
1534900676	426	40.50	23.50
1534900976	416	40.60	23.00
1534901277	429	41.30	22.70
1534901577	422	43.00	22.10
1534901877	423	42.00	22.50
1534902178	423	41.40	23.00
1534902478	426	41.50	23.10
1534902779	420	41.30	23.10
1534903079	427	41.40	23.10
1534903379	417	41.50	23.20
1534903680	422	41.10	23.20
1534903980	428	41.80	23.10
1534904280	422	42.40	22.90
1534904581	429	42.60	22.90
1534904881	427	42.50	22.90
1534905181	428	42.50	22.80
1534905482	423	42.00	22.80
1534905782	417	42.40	22.60
1534906082	429	42.30	22.60
1534906383	421	42.80	22.50
1534906683	423	43.60	22.40
1534906983	423	42.80	22.50
1534907284	429	42.90	22.60
1534907584	424	42.80	22.60
1534907884	427	43.00	22.70
1534908185	422	42.30	22.70
1534908485	426	43.10	22.30
1534908785	423	43.50	22.30
1534909086	422	44.00	22.40
1534909386	429	43.60	22.40
1534909686	428	43.90	22.30
1534909987	428	43.80	22.70
1534910287	429	44.60	22.40
1534910587	426	45.20	22.10
1534910888	428	45.40	21.90
1534911188	429	45.40	21.70
1534911488	430	45.20	21.60
1534911789	425	45.30	22.00
1534912089	422	45.30	22.10
1534912389	421	44.80	22.30
1534912690	427	44.90	22.20
1534912990	426	45.30	22.20
1534913290	418	45.30	22.10
1534913591	421	45.40	22.10
1534913891	418	45.00	22.10
1534914191	426	45.20	22.20
1534914492	430	45.90	21.80
1534914792	424	46.80	21.60
1534915092	430	46.00	21.30
1534915393	430	46.40	21.60
1534915693	425	46.30	21.70
1534915993	422	46.30	22.00
1534916294	430	45.90	21.50
1534916594	422	46.10	21.90
1534916894	427	45.80	21.80
1534917195	427	45.60	21.90
1534917495	422	45.60	22.10
1534917795	428	45.10	22.10
1534918096	428	45.00	22.10
1534918396	428	45.80	21.90
1534918696	422	45.70	21.70
1534918997	423	45.70	21.80
1534919297	429	45.20	22.10
1534919597	430	44.50	22.50
1534919898	428	44.90	22.20
1534920198	430	44.60	22.60
1534920498	430	44.00	22.90
1534920799	423	44.60	22.70
1534921099	426	43.90	22.80
1534921399	432	43.80	23.30
1534921700	429	42.30	23.50
1534922000	427	42.20	23.50
1534922300	427	41.80	23.70
1534922601	430	42.00	23.60
1534922901	430	41.20	23.80
1534923201	427	41.10	24.20
1534923502	424	40.20	24.40
1534923802	424	39.40	24.50
1534924102	433	38.70	24.50
1534924403	423	38.90	24.60
1534924703	430	39.80	24.70
1534925004	426	40.20	25.20
1534925304	424	39.10	25.30
1534925604	430	39.10	25.60
1534925905	427	38.10	26.00
1534926205	427	37.60	26.00
1534926505	429	36.00	25.90
1534926806	433	36.40	26.60
1534927106	433	36.40	26.70
1534927406	430	35.60	27.40
1534927707	429	35.90	27.20
1534928007	430	35.20	27.40
1534928307	426	35.50	27.50
1534928608	427	34.80	27.90
1534928908	429	34.00	28.10
1534929208	426	33.70	28.10
1534929509	435	33.40	28.60
1534929809	433	33.10	29.10
1534930109	435	31.80	29.50
1534930410	429	31.10	29.90
1534930710	430	29.10	33.50
1534931010	430	25.30	36.60
1534931311	429	23.90	37.30
1534931611	436	23.80	37.70
1534931911	433	23.50	37.70
1534932212	429	23.10	38.10
1534932512	429	23.20	38.60
1534932812	432	22.90	38.60
1534933113	438	22.10	39.80
1534933413	437	21.00	40.60
1534933713	432	21.10	39.70
1534934014	438	21.20	37.90
1534934314	437	22.90	36.80
1534934614	430	23.10	39.80
1534934915	433	20.80	41.90
1534935215	432	20.20	42.40
1534935515	436	19.70	43.60
1534935816	436	19.30	43.10
1534936116	437	19.10	43.20
1534936416	434	18.70	43.70
1534936717	438	19.00	44.60
1534937017	434	19.20	44.90
1534937317	432	19.10	44.60
1534937618	440	18.40	46.10
1534937918	438	17.90	45.90
1534938218	440	17.80	46.10
1534938519	434	17.90	47.30
1534938819	440	17.30	47.80
1534939119	440	17.30	47.30
1534939420	442	17.40	47.10
1534939720	441	17.20	47.40
1534940020	441	17.20	47.50
1534940321	445	17.20	47.60
1534940621	444	16.90	47.20
1534940921	445	17.30	47.20
1534941222	438	17.00	47.90
1534941522	437	16.80	47.10
1534941822	438	16.90	46.60
1534942123	447	16.90	47.30
1534942423	440	16.80	47.80
1534942724	447	16.30	46.80
1534943024	448	16.30	47.60
1534943324	446	16.80	48.00
1534943625	446	15.80	48.10
1534943925	439	15.90	48.40
1534944225	448	16.80	47.00
1534944526	440	16.30	46.50
1534944826	445	15.90	47.40
1534945126	442	15.80	47.20
1534945427	447	16.00	47.20
1534945727	448	16.40	45.80
1534946027	441	16.30	46.40
1534946328	441	16.10	46.60
1534946628	444	16.00	46.50
1534946928	448	16.40	46.40
1534947229	441	16.60	46.10
1534947529	449	16.30	46.20
1534947829	404	16.90	45.30
1534948130	399	18.00	45.80
1534948430	372	17.30	46.40
1534948730	375	16.80	45.30
1534949031	373	17.20	45.00
1534949331	369	17.10	44.50
1534949631	375	17.50	44.50
1534949932	361	17.60	41.90
1534950232	372	20.90	38.40
1534950532	375	21.30	37.40
1534950833	364	20.80	36.50
1534951133	379	22.40	35.80
1534951433	366	21.10	35.10
1534951734	381	22.00	34.90
1534952034	378	22.20	34.20
1534952334	368	23.30	34.00
1534952635	382	22.80	33.70
1534952935	384	22.70	33.50
1534953235	384	24.20	33.30
1534953536	379	24.30	33.00
1534953836	384	24.00	32.90
1534954137	372	24.70	32.60
1534954437	375	23.40	32.20
1534954737	384	23.40	32.40
1534955038	381	23.70	32.20
1534955338	376	25.80	31.90
1534955638	387	25.70	31.90
1534955939	385	24.60	31.60
1534956239	384	25.40	31.60
1534956539	388	24.60	31.60
1534956840	386	24.70	31.90
1534957140	382	25.10	30.90
1534957440	378	25.00	31.20
1534957741	390	24.70	30.70
1534958041	387	25.70	30.90
1534958341	386	26.80	30.90
1534958642	378	26.40	30.90
1534958942	392	26.30	30.70
1534959242	378	26.20	30.50
1534959543	382	26.70	30.30
1534959843	390	27.10	30.30
1534960143	380	28.60	30.40
1534960444	382	27.50	30.20
1534960744	393	26.20	30.00
1534961044	389	28.40	29.90
1534961345	380	30.50	29.60
1534961645	386	29.20	29.50
1534961945	391	29.50	29.90
1534962246	384	27.70	29.40
1534962546	381	27.80	29.50
1534962846	393	29.80	29.30
1534963147	393	29.20	29.20
1534963447	391	31.20	29.20
1534963747	394	29.90	29.10
1534964048	385	31.20	28.70
1534964348	391	30.90	28.90
1534964648	379	32.50	29.00
1534964949	384	31.40	28.80
1534965249	380	31.30	28.60
1534965549	381	31.10	28.40
1534965850	380	31.40	28.30
1534966150	386	31.20	28.00
1534966450	384	31.80	28.20
1534966751	392	32.60	28.40
1534967051	381	32.80	28.30
1534967351	391	34.50	28.20
1534967652	392	33.20	28.00
1534967952	392	34.40	28.00
1534968252	394	34.30	27.90
1534968553	389	33.70	27.80
1534968853	394	34.40	27.80
1534969153	390	33.90	27.90
1534969454	393	33.00	27.50
1534969754	391	33.90	27.20
1534970054	392	35.20	27.30
1534970355	384	33.10	27.10
1534970655	393	33.40	26.90
1534970956	387	34.40	26.90
1534971256	385	34.70	27.00
1534971556	387	33.50	26.90
1534971857	396	34.20	26.50
1534972157	388	33.90	26.00
1534972457	396	36.50	26.50
1534972758	390	34.30	26.80
1534973058	394	34.50	26.30
1534973358	388	36.70	26.50
1534973659	391	35.50	26.40
1534973959	384	36.80	26.40
1534974259	397	35.70	26.30
1534974560	385	36.90	26.40
1534974860	385	37.00	26.30
1534975160	398	36.30	26.30
1534975461	389	38.00	26.40
1534975761	398	37.30	26.30
1534976061	390	39.10	26.20
1534976362	396	36.30	26.00
1534976662	393	37.00	25.80
1534976962	388	36.50	25.90
1534977263	384	37.90	25.60
1534977563	389	38.10	25.10
1534977863	384	38.40	25.20
1534978164	393	38.10	25.50
1534978464	398	38.60	25.60
1534978764	392	38.90	25.70
1534979065	388	37.40	25.70
1534979365	398	39.40	25.20
1534979665	386	39.30	24.70
1534979966	393	39.20	25.00
1534980266	387	38.90	24.90
1534980566	386	39.50	24.80
1534980867	387	39.30	24.90
1534981167	393	39.90	24.80
1534981467	387	39.80	24.10
1534981768	388	40.60	24.30
1534982068	392	41.40	23.90
1534982368	396	41.50	23.70
1534982669	396	41.20	24.40
1534982969	394	41.30	24.60
1534983269	394	42.40	24.70
1534983570	396	40.70	24.70
1534983870	392	40.70	24.70
1534984171	396	42.30	24.00
1534984471	389	41.80	24.10
1534984771	390	41.20	23.80
1534985072	400	42.30	23.90
1534985372	393	42.20	23.70
1534985672	396	43.10	24.00
1534985973	388	42.60	23.70
1534986273	386	42.50	23.90
1534986573	396	41.50	23.90
1534986874	387	41.10	24.00
1534987174	393	40.90	23.70
1534987474	401	41.40	24.00
1534987775	392	41.20	23.90
1534988075	396	41.80	24.00
1534988375	401	41.90	23.60
1534988676	389	41.90	23.80
1534988976	399	41.90	23.60
1534989276	389	42.10	23.70
1534989577	391	42.80	23.80
1534989877	393	42.30	24.00
1534990177	390	42.20	23.80
1534990478	392	42.90	23.60
1534990778	401	42.90	23.40
1534991078	401	44.50	23.50
1534991379	389	43.60	23.60
1534991679	389	43.70	23.10
1534991979	399	44.70	23.40
1534992280	399	45.10	23.00
1534992580	397	45.60	22.90
1534992880	390	45.60	22.60
1534993181	389	45.40	22.50
1534993481	396	45.40	22.30
1534993781	389	45.50	22.40
1534994082	397	44.70	22.50
1534994382	393	44.50	22.20
1534994682	397	44.40	22.40
1534994983	396	44.70	22.30
1534995283	397	44.40	22.60
1534995583	396	44.70	22.20
1534995884	393	44.30	22.40
1534996184	389	43.60	22.40
1534996484	400	43.70	22.50
1534996785	397	43.30	22.60
1534997085	389	43.70	22.30
1534997385	393	43.90	22.30
1534997686	389	43.90	22.10
1534997986	393	43.40	22.60
1534998286	400	43.70	22.40
1534998587	394	43.50	22.40
1534998887	394	43.00	22.70
1534999187	401	43.20	22.40
1534999488	391	43.70	22.10
1534999788	390	43.40	22.20
1535000088	389	43.90	22.00
1535000389	390	44.20	21.90
1535000689	392	43.90	21.80
1535000989	402	43.20	22.30
1535001290	389	43.40	22.00
1535001590	394	43.70	22.00
1535001890	403	42.70	22.40
1535002191	394	42.90	22.50
1535002491	400	41.90	22.50
1535002791	402	42.70	22.30
1535003092	403	42.40	22.40
1535003392	390	42.50	22.10
1535003693	399	42.70	22.20
1535003993	401	42.20	22.50
1535004293	390	41.80	22.80
1535004594	394	41.90	22.70
1535004894	403	41.30	22.70
1535005194	400	41.50	23.10
1535005495	391	41.00	23.10
1535005795	394	40.60	23.20
1535006095	396	40.70	23.10
1535006396	393	40.80	23.20
1535006696	382	40.50	23.40
1535006996	382	40.00	23.60
1535007297	391	40.80	23.60
1535007597	379	39.90	23.50
1535007897	389	40.40	23.30
1535008198	381	40.00	23.70
1535008498	391	39.50	24.40
1535008798	379	38.80	24.30
1535009099	391	38.70	24.20
1535009399	380	38.70	24.30
1535009699	381	38.10	24.50
1535010000	379	37.90	24.70
1535010300	379	37.40	24.90
1535010600	385	36.80	25.20
1535010901	378	36.90	25.30
1535011201	388	36.50	25.40
1535011501	386	35.70	25.50
1535011802	385	35.50	25.70
1535012102	380	35.40	25.70
1535012402	392	35.20	25.90
1535012703	384	35.30	26.30
1535013003	388	35.40	26.10
1535013303	391	35.10	26.30
1535013604	392	36.00	26.30
1535013904	381	34.30	26.90
1535014204	392	34.30	27.00
1535014505	386	33.70	27.30
1535014805	390	34.50	27.20
1535015105	384	33.10	27.40
1535015406	396	32.20	27.70
1535015706	396	32.90	27.90
1535016006	392	32.40	28.00
1535016307	393	31.20	29.10
1535016607	389	30.00	29.50
1535016907	399	30.00	29.90
1535017208	392	27.10	34.30
1535017508	397	25.80	36.10
1535017808	394	25.00	36.60
1535018109	394	24.40	36.70
1535018409	400	23.70	37.60
1535018709	403	24.30	37.10
1535019010	403	24.20	37.60
1535019310	405	23.60	38.00
1535019610	400	24.30	36.10
1535019911	403	25.20	35.40
1535020211	402	26.00	33.90
1535020511	405	25.00	34.10
1535020812	401	24.50	35.10
1535021112	402	25.00	34.80
1535021412	401	25.00	35.70
1535021713	409	25.40	34.00
1535022013	409	25.40	34.40
1535022313	404	27.60	33.90
1535022614	404	28.70	32.30
1535022914	402	29.00	31.40
1535023214	408	29.00	31.50
1535023515	401	26.20	35.60
1535023815	404	23.00	39.10
1535024115	403	24.00	37.00
1535024416	409	22.50	38.60
1535024716	408	25.00	37.70
1535025016	403	23.10	38.90
1535025317	409	21.40	40.90
1535025617	409	20.90	40.30
1535025917	412	20.80	41.80
1535026218	404	20.50	40.80
1535026518	406	21.40	41.00
1535026818	411	19.70	42.90
1535027119	414	19.60	43.10
1535027419	410	19.50	43.70
1535027719	412	18.90	43.20
1535028020	406	19.00	43.40
1535028320	414	19.80	44.50
1535028621	410	18.10	43.30
1535028921	411	19.20	43.20
1535029221	415	22.30	39.30
1535029522	413	21.70	39.50
1535029822	418	20.50	41.50
1535030122	417	21.00	40.20
1535030423	416	20.70	42.00
1535030723	412	22.50	38.00
1535031023	412	25.30	35.20
1535031324	416	22.50	39.70
1535031624	416	21.40	40.60
1535031924	418	20.60	42.50
1535032225	422	21.10	42.70
1535032525	411	22.10	43.30
1535032825	412	19.70	43.90
1535033126	424	21.70	40.80
1535033426	412	23.60	38.50
1535033726	412	24.00	38.30
1535034027	416	22.50	36.90
1535034327	416	25.10	35.00
1535034627	412	25.20	34.80
1535034928	422	26.70	34.30
1535035228	420	25.80	33.10
1535035528	416	26.10	33.40
1535035829	417	27.20	32.40
1535036129	412	26.90	31.30
1535036429	415	27.20	30.70
1535036730	421	27.90	30.60
1535037030	410	29.00	30.20
1535037331	422	27.80	30.30
1535037631	421	28.80	29.50
1535037931	416	34.00	27.00
1535038232	410	35.10	26.70
1535038532	413	35.20	26.40
1535038832	409	36.50	25.80
1535039133	421	39.80	25.00
1535039433	418	41.00	24.40
1535039733	409	39.80	24.20
1535040034	418	39.70	24.70
1535040334	411	37.20	25.70
1535040634	421	37.70	24.90
1535040935	416	38.20	25.10
1535041235	411	38.50	24.70
1535041535	416	38.90	25.00
1535041836	412	38.50	25.00
1535042136	412	37.70	25.50
1535042436	418	39.00	25.10
1535042737	411	38.80	25.30
1535043037	415	38.60	25.80
1535043337	414	37.90	26.00
1535043638	410	37.80	25.90
1535043938	409	37.30	25.50
1535044238	411	36.90	26.20
1535044539	423	37.00	26.00
1535044839	422	37.70	25.70
1535045139	411	37.70	25.80
1535045440	413	38.20	25.60
1535045740	423	38.90	25.50
1535046040	414	40.00	24.90
1535046341	423	38.80	25.10
1535046641	416	36.90	25.00
1535046942	412	36.80	24.00
1535047242	414	36.50	24.30
1535047542	418	36.50	24.40
1535047843	421	36.40	24.20
1535048143	424	36.80	24.20
1535048443	423	37.10	24.10
1535048744	418	36.10	24.50
1535049044	421	37.20	24.80
1535049344	417	36.10	24.70
1535049645	413	36.70	24.50
1535049945	412	35.90	24.80
1535050245	412	36.10	24.90
1535050546	423	36.80	24.30
1535050846	416	38.20	24.50
1535051146	411	39.30	23.90
1535051447	414	39.90	23.80			
